16.0518 2.92444 16.0518 2.92444 16.0518 2.92444 16.0518 2.92444 16.0518 2.92444 16.0518 2.92444 16.0518 2.92444 16.0518 2.92444 16.0518 2.92444 
9.96724 -3.07504 9.96724 -3.07504 9.96724 -3.07504 9.96724 -3.07504 9.96724 -3.07504 16.0518 2.92444 16.0518 2.92444 16.0518 2.92444 16.0518 2.92444 
4.79223 -9.80229 4.79223 -9.80229 4.79223 -9.80229 4.79223 -9.80229 4.79223 -9.80229 16.0518 2.92444 16.0518 2.92444 16.0518 2.92444 16.0518 2.92444 
2.29478 -2.73949 2.29478 -2.73949 2.29478 -2.73949 2.29478 -2.73949 2.29478 -2.73949 16.0518 2.92444 16.0518 2.92444 16.0518 2.92444 16.0518 2.92444 
-2.63191 -22.5605 -2.63191 -22.5605 -2.63191 -22.5605 -2.63191 -22.5605 -2.63191 -22.5605 16.0518 2.92444 16.0518 2.92444 16.0518 2.92444 16.0518 2.92444 
-1.32668 -8.22613 -1.32668 -8.22613 -1.32668 -8.22613 -1.32668 -8.22613 -1.32668 -8.22613 16.0518 2.92444 16.0518 2.92444 16.0518 2.92444 16.0518 2.92444 
-16.4699 -24.5611 -16.4699 -24.5611 -16.4699 -24.5611 -16.4699 -24.5611 -16.4699 -24.5611 16.0518 2.92444 16.0518 2.92444 16.0518 2.92444 16.0518 2.92444 
14.0105 9.20539 14.0105 9.20539 14.0105 9.20539 14.0105 9.20539 14.0105 9.20539 16.0518 2.92444 16.0518 2.92444 16.0518 2.92444 16.0518 2.92444 
5.01381 -19.6288 5.01381 -19.6288 5.01381 -19.6288 5.01381 -19.6288 5.01381 -19.6288 16.0518 2.92444 16.0518 2.92444 16.0518 2.92444 16.0518 2.92444 
19.1746 8.88551 19.1746 8.88551 19.1746 8.88551 19.1746 8.88551 19.1746 8.88551 16.0518 2.92444 16.0518 2.92444 16.0518 2.92444 16.0518 2.92444 
53.2496 -11.0757 53.2496 -11.0757 53.2496 -11.0757 53.2496 -11.0757 53.2496 -11.0757 16.0518 2.92444 16.0518 2.92444 16.0518 2.92444 16.0518 2.92444 
1.34852 -27.5457 1.34852 -27.5457 1.34852 -27.5457 1.34852 -27.5457 1.34852 -27.5457 16.0518 2.92444 16.0518 2.92444 16.0518 2.92444 16.0518 2.92444 
-9.03999 -9.56709 -9.03999 -9.56709 -9.03999 -9.56709 -9.03999 -9.56709 -9.03999 -9.56709 16.0518 2.92444 16.0518 2.92444 16.0518 2.92444 16.0518 2.92444 
-4.93872 -17.0413 -4.93872 -17.0413 -4.93872 -17.0413 -4.93872 -17.0413 -4.93872 -17.0413 16.0518 2.92444 16.0518 2.92444 16.0518 2.92444 16.0518 2.92444 
21.7903 9.87969 21.7903 9.87969 21.7903 9.87969 21.7903 9.87969 21.7903 9.87969 16.0518 2.92444 16.0518 2.92444 16.0518 2.92444 16.0518 2.92444 
15.0566 -5.30782 15.0566 -5.30782 15.0566 -5.30782 15.0566 -5.30782 15.0566 -5.30782 16.0518 2.92444 16.0518 2.92444 16.0518 2.92444 16.0518 2.92444 
2.77155 -16.6274 2.77155 -16.6274 2.77155 -16.6274 2.77155 -16.6274 2.77155 -16.6274 16.0518 2.92444 16.0518 2.92444 16.0518 2.92444 16.0518 2.92444 
19.2191 -36.3388 19.2191 -36.3388 19.2191 -36.3388 19.2191 -36.3388 19.2191 -36.3388 16.0518 2.92444 16.0518 2.92444 16.0518 2.92444 16.0518 2.92444 
29.2378 -6.12829 29.2378 -6.12829 29.2378 -6.12829 29.2378 -6.12829 29.2378 -6.12829 16.0518 2.92444 16.0518 2.92444 16.0518 2.92444 16.0518 2.92444 
22.1375 0.838779 22.1375 0.838779 22.1375 0.838779 22.1375 0.838779 22.1375 0.838779 16.0518 2.92444 16.0518 2.92444 16.0518 2.92444 16.0518 2.92444 
5.73324 -5.07479 5.73324 -5.07479 5.73324 -5.07479 5.73324 -5.07479 5.73324 -5.07479 16.0518 2.92444 16.0518 2.92444 16.0518 2.92444 16.0518 2.92444 
9.93908 -25.8838 9.93908 -25.8838 9.93908 -25.8838 9.93908 -25.8838 9.93908 -25.8838 16.0518 2.92444 16.0518 2.92444 16.0518 2.92444 16.0518 2.92444 
7.94184 0.465717 7.94184 0.465717 7.94184 0.465717 7.94184 0.465717 7.94184 0.465717 16.0518 2.92444 16.0518 2.92444 16.0518 2.92444 16.0518 2.92444 
12.3859 -3.66577 12.3859 -3.66577 12.3859 -3.66577 12.3859 -3.66577 12.3859 -3.66577 16.0518 2.92444 16.0518 2.92444 16.0518 2.92444 16.0518 2.92444 
3.07021 -16.9821 3.07021 -16.9821 3.07021 -16.9821 3.07021 -16.9821 3.07021 -16.9821 16.0518 2.92444 16.0518 2.92444 16.0518 2.92444 16.0518 2.92444 
-4.54211 -18.4064 -4.54211 -18.4064 -4.54211 -18.4064 -4.54211 -18.4064 -4.54211 -18.4064 16.0518 2.92444 16.0518 2.92444 16.0518 2.92444 16.0518 2.92444 
22.4869 -21.545 22.4869 -21.545 22.4869 -21.545 22.4869 -21.545 22.4869 -21.545 16.0518 2.92444 16.0518 2.92444 16.0518 2.92444 16.0518 2.92444 
17.3595 -29.9693 17.3595 -29.9693 17.3595 -29.9693 17.3595 -29.9693 17.3595 -29.9693 16.0518 2.92444 16.0518 2.92444 16.0518 2.92444 16.0518 2.92444 
3.64144 -52.7237 3.64144 -52.7237 3.64144 -52.7237 3.64144 -52.7237 3.64144 -52.7237 16.0518 2.92444 16.0518 2.92444 16.0518 2.92444 16.0518 2.92444 
-7.30778 -12.5681 -7.30778 -12.5681 -7.30778 -12.5681 -7.30778 -12.5681 -7.30778 -12.5681 16.0518 2.92444 16.0518 2.92444 16.0518 2.92444 16.0518 2.92444 
88.1119 5.45542 88.1119 5.45542 88.1119 5.45542 88.1119 5.45542 88.1119 5.45542 16.0518 2.92444 16.0518 2.92444 16.0518 2.92444 16.0518 2.92444 
9.87786 -48.0538 9.87786 -48.0538 9.87786 -48.0538 9.87786 -48.0538 9.87786 -48.0538 16.0518 2.92444 16.0518 2.92444 16.0518 2.92444 16.0518 2.92444 
12.7138 -4.71043 12.7138 -4.71043 12.7138 -4.71043 12.7138 -4.71043 12.7138 -4.71043 16.0518 2.92444 16.0518 2.92444 16.0518 2.92444 16.0518 2.92444 
19.243 -46.9184 19.243 -46.9184 19.243 -46.9184 19.243 -46.9184 19.243 -46.9184 16.0518 2.92444 16.0518 2.92444 16.0518 2.92444 16.0518 2.92444 
21.7164 -16.1633 21.7164 -16.1633 21.7164 -16.1633 21.7164 -16.1633 21.7164 -16.1633 16.0518 2.92444 16.0518 2.92444 16.0518 2.92444 16.0518 2.92444 
2.44737 -31.0383 2.44737 -31.0383 2.44737 -31.0383 2.44737 -31.0383 2.44737 -31.0383 16.0518 2.92444 16.0518 2.92444 16.0518 2.92444 16.0518 2.92444 
4.96993 -13.3813 4.96993 -13.3813 4.96993 -13.3813 4.96993 -13.3813 4.96993 -13.3813 4.96993 -13.3813 4.96993 -13.3813 4.96993 -13.3813 4.96993 -13.3813 
-4.48514 -17.1731 -4.48514 -17.1731 -4.48514 -17.1731 -4.48514 -17.1731 -4.48514 -17.1731 4.96993 -13.3813 4.96993 -13.3813 4.96993 -13.3813 4.96993 -13.3813 
-6.9097 -12.881 -6.9097 -12.881 -6.9097 -12.881 -6.9097 -12.881 -6.9097 -12.881 4.96993 -13.3813 4.96993 -13.3813 4.96993 -13.3813 4.96993 -13.3813 
-6.8349 -7.97553 -6.8349 -7.97553 -6.8349 -7.97553 -6.8349 -7.97553 -6.8349 -7.97553 4.96993 -13.3813 4.96993 -13.3813 4.96993 -13.3813 4.96993 -13.3813 
14.8483 5.00733 14.8483 5.00733 14.8483 5.00733 14.8483 5.00733 14.8483 5.00733 4.96993 -13.3813 4.96993 -13.3813 4.96993 -13.3813 4.96993 -13.3813 
-3.11607 -14.052 -3.11607 -14.052 -3.11607 -14.052 -3.11607 -14.052 -3.11607 -14.052 4.96993 -13.3813 4.96993 -13.3813 4.96993 -13.3813 4.96993 -13.3813 
0.06034 -14.2888 0.06034 -14.2888 0.06034 -14.2888 0.06034 -14.2888 0.06034 -14.2888 4.96993 -13.3813 4.96993 -13.3813 4.96993 -13.3813 4.96993 -13.3813 
15.0812 9.22618 15.0812 9.22618 15.0812 9.22618 15.0812 9.22618 15.0812 9.22618 4.96993 -13.3813 4.96993 -13.3813 4.96993 -13.3813 4.96993 -13.3813 
-7.25844 -11.7834 -7.25844 -11.7834 -7.25844 -11.7834 -7.25844 -11.7834 -7.25844 -11.7834 4.96993 -13.3813 4.96993 -13.3813 4.96993 -13.3813 4.96993 -13.3813 
3.67401 -13.7326 3.67401 -13.7326 3.67401 -13.7326 3.67401 -13.7326 3.67401 -13.7326 4.96993 -13.3813 4.96993 -13.3813 4.96993 -13.3813 4.96993 -13.3813 
13.096 2.90062 13.096 2.90062 13.096 2.90062 13.096 2.90062 13.096 2.90062 4.96993 -13.3813 4.96993 -13.3813 4.96993 -13.3813 4.96993 -13.3813 
3.64534 -28.2581 3.64534 -28.2581 3.64534 -28.2581 3.64534 -28.2581 3.64534 -28.2581 4.96993 -13.3813 4.96993 -13.3813 4.96993 -13.3813 4.96993 -13.3813 
90.8202 -25.515 90.8202 -25.515 90.8202 -25.515 90.8202 -25.515 90.8202 -25.515 4.96993 -13.3813 4.96993 -13.3813 4.96993 -13.3813 4.96993 -13.3813 
20.0266 15.8439 20.0266 15.8439 20.0266 15.8439 20.0266 15.8439 20.0266 15.8439 4.96993 -13.3813 4.96993 -13.3813 4.96993 -13.3813 4.96993 -13.3813 
22.6337 -31.7771 22.6337 -31.7771 22.6337 -31.7771 22.6337 -31.7771 22.6337 -31.7771 4.96993 -13.3813 4.96993 -13.3813 4.96993 -13.3813 4.96993 -13.3813 
29.8201 -12.2622 29.8201 -12.2622 29.8201 -12.2622 29.8201 -12.2622 29.8201 -12.2622 4.96993 -13.3813 4.96993 -13.3813 4.96993 -13.3813 4.96993 -13.3813 
3.87045 -14.5257 3.87045 -14.5257 3.87045 -14.5257 3.87045 -14.5257 3.87045 -14.5257 4.96993 -13.3813 4.96993 -13.3813 4.96993 -13.3813 4.96993 -13.3813 
6.30616 -4.61952 6.30616 -4.61952 6.30616 -4.61952 6.30616 -4.61952 6.30616 -4.61952 4.96993 -13.3813 4.96993 -13.3813 4.96993 -13.3813 4.96993 -13.3813 
14.3629 -0.855823 14.3629 -0.855823 14.3629 -0.855823 14.3629 -0.855823 14.3629 -0.855823 4.96993 -13.3813 4.96993 -13.3813 4.96993 -13.3813 4.96993 -13.3813 
5.20979 -1.97367 5.20979 -1.97367 5.20979 -1.97367 5.20979 -1.97367 5.20979 -1.97367 4.96993 -13.3813 4.96993 -13.3813 4.96993 -13.3813 4.96993 -13.3813 
-1.27218 -11.0713 -1.27218 -11.0713 -1.27218 -11.0713 -1.27218 -11.0713 -1.27218 -11.0713 4.96993 -13.3813 4.96993 -13.3813 4.96993 -13.3813 4.96993 -13.3813 
-2.53961 -21.9215 -2.53961 -21.9215 -2.53961 -21.9215 -2.53961 -21.9215 -2.53961 -21.9215 4.96993 -13.3813 4.96993 -13.3813 4.96993 -13.3813 4.96993 -13.3813 
11.8612 2.19903 11.8612 2.19903 11.8612 2.19903 11.8612 2.19903 11.8612 2.19903 4.96993 -13.3813 4.96993 -13.3813 4.96993 -13.3813 4.96993 -13.3813 
2.95099 -8.42288 2.95099 -8.42288 2.95099 -8.42288 2.95099 -8.42288 2.95099 -8.42288 4.96993 -13.3813 4.96993 -13.3813 4.96993 -13.3813 4.96993 -13.3813 
7.33919 -3.48783 7.33919 -3.48783 7.33919 -3.48783 7.33919 -3.48783 7.33919 -3.48783 4.96993 -13.3813 4.96993 -13.3813 4.96993 -13.3813 4.96993 -13.3813 
-4.57332 -20.2711 -4.57332 -20.2711 -4.57332 -20.2711 -4.57332 -20.2711 -4.57332 -20.2711 4.96993 -13.3813 4.96993 -13.3813 4.96993 -13.3813 4.96993 -13.3813 
-1.17165 -17.6626 -1.17165 -17.6626 -1.17165 -17.6626 -1.17165 -17.6626 -1.17165 -17.6626 4.96993 -13.3813 4.96993 -13.3813 4.96993 -13.3813 4.96993 -13.3813 
10.6607 -4.93412 10.6607 -4.93412 10.6607 -4.93412 10.6607 -4.93412 10.6607 -4.93412 4.96993 -13.3813 4.96993 -13.3813 4.96993 -13.3813 4.96993 -13.3813 
30.2697 -3.40914 30.2697 -3.40914 30.2697 -3.40914 30.2697 -3.40914 30.2697 -3.40914 4.96993 -13.3813 4.96993 -13.3813 4.96993 -13.3813 4.96993 -13.3813 
6.0461 -10.1456 6.0461 -10.1456 6.0461 -10.1456 6.0461 -10.1456 6.0461 -10.1456 4.96993 -13.3813 4.96993 -13.3813 4.96993 -13.3813 4.96993 -13.3813 
6.84808 -35.5649 6.84808 -35.5649 6.84808 -35.5649 6.84808 -35.5649 6.84808 -35.5649 4.96993 -13.3813 4.96993 -13.3813 4.96993 -13.3813 4.96993 -13.3813 
6.70509 -7.80925 6.70509 -7.80925 6.70509 -7.80925 6.70509 -7.80925 6.70509 -7.80925 4.96993 -13.3813 4.96993 -13.3813 4.96993 -13.3813 4.96993 -13.3813 
11.0366 -7.19966 11.0366 -7.19966 11.0366 -7.19966 11.0366 -7.19966 11.0366 -7.19966 4.96993 -13.3813 4.96993 -13.3813 4.96993 -13.3813 4.96993 -13.3813 
3.13641 -3.59491 3.13641 -3.59491 3.13641 -3.59491 3.13641 -3.59491 3.13641 -3.59491 4.96993 -13.3813 4.96993 -13.3813 4.96993 -13.3813 4.96993 -13.3813 
-1.87187 -22.5533 -1.87187 -22.5533 -1.87187 -22.5533 -1.87187 -22.5533 -1.87187 -22.5533 4.96993 -13.3813 4.96993 -13.3813 4.96993 -13.3813 4.96993 -13.3813 
0.464431 -15.4216 0.464431 -15.4216 0.464431 -15.4216 0.464431 -15.4216 0.464431 -15.4216 4.96993 -13.3813 4.96993 -13.3813 4.96993 -13.3813 4.96993 -13.3813 
9.16081 2.85144 9.16081 2.85144 9.16081 2.85144 9.16081 2.85144 9.16081 2.85144 4.96993 -13.3813 4.96993 -13.3813 4.96993 -13.3813 4.96993 -13.3813 
5.43383 -9.64373 5.43383 -9.64373 5.43383 -9.64373 5.43383 -9.64373 5.43383 -9.64373 4.96993 -13.3813 4.96993 -13.3813 4.96993 -13.3813 4.96993 -13.3813 
2.55573 -14.2837 2.55573 -14.2837 2.55573 -14.2837 2.55573 -14.2837 2.55573 -14.2837 4.96993 -13.3813 4.96993 -13.3813 4.96993 -13.3813 4.96993 -13.3813 
18.1747 4.23243 18.1747 4.23243 18.1747 4.23243 18.1747 4.23243 18.1747 4.23243 4.96993 -13.3813 4.96993 -13.3813 4.96993 -13.3813 4.96993 -13.3813 
19.0614 -0.308953 19.0614 -0.308953 19.0614 -0.308953 19.0614 -0.308953 19.0614 -0.308953 4.96993 -13.3813 4.96993 -13.3813 4.96993 -13.3813 4.96993 -13.3813 
-5.51903 -13.072 -5.51903 -13.072 -5.51903 -13.072 -5.51903 -13.072 -5.51903 -13.072 4.96993 -13.3813 4.96993 -13.3813 4.96993 -13.3813 4.96993 -13.3813 
18.1725 -15.5567 18.1725 -15.5567 18.1725 -15.5567 18.1725 -15.5567 18.1725 -15.5567 4.96993 -13.3813 4.96993 -13.3813 4.96993 -13.3813 4.96993 -13.3813 
18.5675 7.02865 18.5675 7.02865 18.5675 7.02865 18.5675 7.02865 18.5675 7.02865 4.96993 -13.3813 4.96993 -13.3813 4.96993 -13.3813 4.96993 -13.3813 
9.65976 -6.40845 9.65976 -6.40845 9.65976 -6.40845 9.65976 -6.40845 9.65976 -6.40845 4.96993 -13.3813 4.96993 -13.3813 4.96993 -13.3813 4.96993 -13.3813 
0.128211 -19.1167 0.128211 -19.1167 0.128211 -19.1167 0.128211 -19.1167 0.128211 -19.1167 4.96993 -13.3813 4.96993 -13.3813 4.96993 -13.3813 4.96993 -13.3813 
18.4863 2.80564 18.4863 2.80564 18.4863 2.80564 18.4863 2.80564 18.4863 2.80564 4.96993 -13.3813 4.96993 -13.3813 4.96993 -13.3813 4.96993 -13.3813 
30.4219 21.2705 30.4219 21.2705 30.4219 21.2705 30.4219 21.2705 30.4219 21.2705 4.96993 -13.3813 4.96993 -13.3813 4.96993 -13.3813 4.96993 -13.3813 
45.8009 12.8501 45.8009 12.8501 45.8009 12.8501 45.8009 12.8501 45.8009 12.8501 4.96993 -13.3813 4.96993 -13.3813 4.96993 -13.3813 4.96993 -13.3813 
37.9525 -3.66623 37.9525 -3.66623 37.9525 -3.66623 37.9525 -3.66623 37.9525 -3.66623 4.96993 -13.3813 4.96993 -13.3813 4.96993 -13.3813 4.96993 -13.3813 
27.9169 4.87409 27.9169 4.87409 27.9169 4.87409 27.9169 4.87409 27.9169 4.87409 4.96993 -13.3813 4.96993 -13.3813 4.96993 -13.3813 4.96993 -13.3813 
5.14303 -1.77005 5.14303 -1.77005 5.14303 -1.77005 5.14303 -1.77005 5.14303 -1.77005 4.96993 -13.3813 4.96993 -13.3813 4.96993 -13.3813 4.96993 -13.3813 
-3.93527 -6.69243 -3.93527 -6.69243 -3.93527 -6.69243 -3.93527 -6.69243 -3.93527 -6.69243 4.96993 -13.3813 4.96993 -13.3813 4.96993 -13.3813 4.96993 -13.3813 
7.369 -3.77004 7.369 -3.77004 7.369 -3.77004 7.369 -3.77004 7.369 -3.77004 4.96993 -13.3813 4.96993 -13.3813 4.96993 -13.3813 4.96993 -13.3813 
38.4691 1.69882 38.4691 1.69882 38.4691 1.69882 38.4691 1.69882 38.4691 1.69882 4.96993 -13.3813 4.96993 -13.3813 4.96993 -13.3813 4.96993 -13.3813 
25.8571 5.82614 25.8571 5.82614 25.8571 5.82614 25.8571 5.82614 25.8571 5.82614 4.96993 -13.3813 4.96993 -13.3813 4.96993 -13.3813 4.96993 -13.3813 
6.11493 -16.7881 6.11493 -16.7881 6.11493 -16.7881 6.11493 -16.7881 6.11493 -16.7881 4.96993 -13.3813 4.96993 -13.3813 4.96993 -13.3813 4.96993 -13.3813 
37.7946 -4.51226 37.7946 -4.51226 37.7946 -4.51226 37.7946 -4.51226 37.7946 -4.51226 4.96993 -13.3813 4.96993 -13.3813 4.96993 -13.3813 4.96993 -13.3813 
28.349 -1.51586 28.349 -1.51586 28.349 -1.51586 28.349 -1.51586 28.349 -1.51586 4.96993 -13.3813 4.96993 -13.3813 4.96993 -13.3813 4.96993 -13.3813 
24.9289 -19.5956 24.9289 -19.5956 24.9289 -19.5956 24.9289 -19.5956 24.9289 -19.5956 4.96993 -13.3813 4.96993 -13.3813 4.96993 -13.3813 4.96993 -13.3813 
2.20655 -37.5936 2.20655 -37.5936 2.20655 -37.5936 2.20655 -37.5936 2.20655 -37.5936 4.96993 -13.3813 4.96993 -13.3813 4.96993 -13.3813 4.96993 -13.3813 
12.2934 1.40981 12.2934 1.40981 12.2934 1.40981 12.2934 1.40981 12.2934 1.40981 4.96993 -13.3813 4.96993 -13.3813 4.96993 -13.3813 4.96993 -13.3813 
24.3182 -2.31165 24.3182 -2.31165 24.3182 -2.31165 24.3182 -2.31165 24.3182 -2.31165 4.96993 -13.3813 4.96993 -13.3813 4.96993 -13.3813 4.96993 -13.3813 
8.97257 -27.9535 8.97257 -27.9535 8.97257 -27.9535 8.97257 -27.9535 8.97257 -27.9535 4.96993 -13.3813 4.96993 -13.3813 4.96993 -13.3813 4.96993 -13.3813 
16.1089 -13.0303 16.1089 -13.0303 16.1089 -13.0303 16.1089 -13.0303 16.1089 -13.0303 4.96993 -13.3813 4.96993 -13.3813 4.96993 -13.3813 4.96993 -13.3813 
48.691 -38.5181 48.691 -38.5181 48.691 -38.5181 48.691 -38.5181 48.691 -38.5181 4.96993 -13.3813 4.96993 -13.3813 4.96993 -13.3813 4.96993 -13.3813 
13.5402 -50.1957 13.5402 -50.1957 13.5402 -50.1957 13.5402 -50.1957 13.5402 -50.1957 4.96993 -13.3813 4.96993 -13.3813 4.96993 -13.3813 4.96993 -13.3813 
24.4653 -62.6481 24.4653 -62.6481 24.4653 -62.6481 24.4653 -62.6481 24.4653 -62.6481 4.96993 -13.3813 4.96993 -13.3813 4.96993 -13.3813 4.96993 -13.3813 
-34.3027 -114.013 -34.3027 -114.013 -34.3027 -114.013 -34.3027 -114.013 -34.3027 -114.013 4.96993 -13.3813 4.96993 -13.3813 4.96993 -13.3813 4.96993 -13.3813 
15.9881 -69.175 15.9881 -69.175 15.9881 -69.175 15.9881 -69.175 15.9881 -69.175 15.9881 -69.175 15.9881 -69.175 15.9881 -69.175 15.9881 -69.175 
-25.7197 -47.8871 -25.7197 -47.8871 -25.7197 -47.8871 -25.7197 -47.8871 -25.7197 -47.8871 15.9881 -69.175 15.9881 -69.175 15.9881 -69.175 15.9881 -69.175 
20.2955 2.77588 20.2955 2.77588 20.2955 2.77588 20.2955 2.77588 20.2955 2.77588 15.9881 -69.175 15.9881 -69.175 15.9881 -69.175 15.9881 -69.175 
-20.129 -29.8412 -20.129 -29.8412 -20.129 -29.8412 -20.129 -29.8412 -20.129 -29.8412 15.9881 -69.175 15.9881 -69.175 15.9881 -69.175 15.9881 -69.175 
84.5934 10.5568 84.5934 10.5568 84.5934 10.5568 84.5934 10.5568 84.5934 10.5568 15.9881 -69.175 15.9881 -69.175 15.9881 -69.175 15.9881 -69.175 
-13.3838 -50.0278 -13.3838 -50.0278 -13.3838 -50.0278 -13.3838 -50.0278 -13.3838 -50.0278 15.9881 -69.175 15.9881 -69.175 15.9881 -69.175 15.9881 -69.175 
47.7026 18.7678 47.7026 18.7678 47.7026 18.7678 47.7026 18.7678 47.7026 18.7678 15.9881 -69.175 15.9881 -69.175 15.9881 -69.175 15.9881 -69.175 
25.9495 16.1392 25.9495 16.1392 25.9495 16.1392 25.9495 16.1392 25.9495 16.1392 15.9881 -69.175 15.9881 -69.175 15.9881 -69.175 15.9881 -69.175 
15.6339 -11.074 15.6339 -11.074 15.6339 -11.074 15.6339 -11.074 15.6339 -11.074 15.9881 -69.175 15.9881 -69.175 15.9881 -69.175 15.9881 -69.175 
-0.164055 -2.27694 -0.164055 -2.27694 -0.164055 -2.27694 -0.164055 -2.27694 -0.164055 -2.27694 15.9881 -69.175 15.9881 -69.175 15.9881 -69.175 15.9881 -69.175 
11.9592 0.269227 11.9592 0.269227 11.9592 0.269227 11.9592 0.269227 11.9592 0.269227 15.9881 -69.175 15.9881 -69.175 15.9881 -69.175 15.9881 -69.175 
12.7717 -11.363 12.7717 -11.363 12.7717 -11.363 12.7717 -11.363 12.7717 -11.363 15.9881 -69.175 15.9881 -69.175 15.9881 -69.175 15.9881 -69.175 
-14.6365 -16.6354 -14.6365 -16.6354 -14.6365 -16.6354 -14.6365 -16.6354 -14.6365 -16.6354 15.9881 -69.175 15.9881 -69.175 15.9881 -69.175 15.9881 -69.175 
25.1063 -10.1267 25.1063 -10.1267 25.1063 -10.1267 25.1063 -10.1267 25.1063 -10.1267 15.9881 -69.175 15.9881 -69.175 15.9881 -69.175 15.9881 -69.175 
11.9811 -0.231623 11.9811 -0.231623 11.9811 -0.231623 11.9811 -0.231623 11.9811 -0.231623 15.9881 -69.175 15.9881 -69.175 15.9881 -69.175 15.9881 -69.175 
39.9478 -21.6755 39.9478 -21.6755 39.9478 -21.6755 39.9478 -21.6755 39.9478 -21.6755 15.9881 -69.175 15.9881 -69.175 15.9881 -69.175 15.9881 -69.175 
-2.58246 -20.1428 -2.58246 -20.1428 -2.58246 -20.1428 -2.58246 -20.1428 -2.58246 -20.1428 15.9881 -69.175 15.9881 -69.175 15.9881 -69.175 15.9881 -69.175 
22.4671 5.07611 22.4671 5.07611 22.4671 5.07611 22.4671 5.07611 22.4671 5.07611 15.9881 -69.175 15.9881 -69.175 15.9881 -69.175 15.9881 -69.175 
-11.0249 -14.5657 -11.0249 -14.5657 -11.0249 -14.5657 -11.0249 -14.5657 -11.0249 -14.5657 15.9881 -69.175 15.9881 -69.175 15.9881 -69.175 15.9881 -69.175 
-4.63108 -13.2551 -4.63108 -13.2551 -4.63108 -13.2551 -4.63108 -13.2551 -4.63108 -13.2551 15.9881 -69.175 15.9881 -69.175 15.9881 -69.175 15.9881 -69.175 
0.947525 -2.16798 0.947525 -2.16798 0.947525 -2.16798 0.947525 -2.16798 0.947525 -2.16798 15.9881 -69.175 15.9881 -69.175 15.9881 -69.175 15.9881 -69.175 
19.5034 -125.015 19.5034 -125.015 19.5034 -125.015 19.5034 -125.015 19.5034 -125.015 15.9881 -69.175 15.9881 -69.175 15.9881 -69.175 15.9881 -69.175 
3.46523 -6.52107 3.46523 -6.52107 3.46523 -6.52107 3.46523 -6.52107 3.46523 -6.52107 15.9881 -69.175 15.9881 -69.175 15.9881 -69.175 15.9881 -69.175 
20.558 10.0643 20.558 10.0643 20.558 10.0643 20.558 10.0643 20.558 10.0643 15.9881 -69.175 15.9881 -69.175 15.9881 -69.175 15.9881 -69.175 
13.9528 10.8555 13.9528 10.8555 13.9528 10.8555 13.9528 10.8555 13.9528 10.8555 15.9881 -69.175 15.9881 -69.175 15.9881 -69.175 15.9881 -69.175 
15.8601 13.6287 15.8601 13.6287 15.8601 13.6287 15.8601 13.6287 15.8601 13.6287 15.9881 -69.175 15.9881 -69.175 15.9881 -69.175 15.9881 -69.175 
48.7745 -16.3852 48.7745 -16.3852 48.7745 -16.3852 48.7745 -16.3852 48.7745 -16.3852 15.9881 -69.175 15.9881 -69.175 15.9881 -69.175 15.9881 -69.175 
-0.314164 -44.1332 -0.314164 -44.1332 -0.314164 -44.1332 -0.314164 -44.1332 -0.314164 -44.1332 15.9881 -69.175 15.9881 -69.175 15.9881 -69.175 15.9881 -69.175 
0.845558 -137.799 0.845558 -137.799 0.845558 -137.799 0.845558 -137.799 0.845558 -137.799 15.9881 -69.175 15.9881 -69.175 15.9881 -69.175 15.9881 -69.175 
34.7972 -14.2337 34.7972 -14.2337 34.7972 -14.2337 34.7972 -14.2337 34.7972 -14.2337 15.9881 -69.175 15.9881 -69.175 15.9881 -69.175 15.9881 -69.175 
-7.28942 -8.83535 -7.28942 -8.83535 -7.28942 -8.83535 -7.28942 -8.83535 -7.28942 -8.83535 15.9881 -69.175 15.9881 -69.175 15.9881 -69.175 15.9881 -69.175 
-9.82057 -12.0643 -9.82057 -12.0643 -9.82057 -12.0643 -9.82057 -12.0643 -9.82057 -12.0643 15.9881 -69.175 15.9881 -69.175 15.9881 -69.175 15.9881 -69.175 
5.84592 -26.3262 5.84592 -26.3262 5.84592 -26.3262 5.84592 -26.3262 5.84592 -26.3262 15.9881 -69.175 15.9881 -69.175 15.9881 -69.175 15.9881 -69.175 
4.87694 -57.2925 4.87694 -57.2925 4.87694 -57.2925 4.87694 -57.2925 4.87694 -57.2925 15.9881 -69.175 15.9881 -69.175 15.9881 -69.175 15.9881 -69.175 
1.30626 -105.092 1.30626 -105.092 1.30626 -105.092 1.30626 -105.092 1.30626 -105.092 15.9881 -69.175 15.9881 -69.175 15.9881 -69.175 15.9881 -69.175 
13.7476 8.12757 13.7476 8.12757 13.7476 8.12757 13.7476 8.12757 13.7476 8.12757 15.9881 -69.175 15.9881 -69.175 15.9881 -69.175 15.9881 -69.175 
105.311 -15.852 105.311 -15.852 105.311 -15.852 105.311 -15.852 105.311 -15.852 15.9881 -69.175 15.9881 -69.175 15.9881 -69.175 15.9881 -69.175 
12.8338 7.11053 12.8338 7.11053 12.8338 7.11053 12.8338 7.11053 12.8338 7.11053 15.9881 -69.175 15.9881 -69.175 15.9881 -69.175 15.9881 -69.175 
4.47033 -50.4615 4.47033 -50.4615 4.47033 -50.4615 4.47033 -50.4615 4.47033 -50.4615 15.9881 -69.175 15.9881 -69.175 15.9881 -69.175 15.9881 -69.175 
46.6663 -6.10822 46.6663 -6.10822 46.6663 -6.10822 46.6663 -6.10822 46.6663 -6.10822 15.9881 -69.175 15.9881 -69.175 15.9881 -69.175 15.9881 -69.175 
31.3561 -25.2351 31.3561 -25.2351 31.3561 -25.2351 31.3561 -25.2351 31.3561 -25.2351 15.9881 -69.175 15.9881 -69.175 15.9881 -69.175 15.9881 -69.175 
38.3961 10.9333 38.3961 10.9333 38.3961 10.9333 38.3961 10.9333 38.3961 10.9333 15.9881 -69.175 15.9881 -69.175 15.9881 -69.175 15.9881 -69.175 
10.3744 -79.6172 10.3744 -79.6172 10.3744 -79.6172 10.3744 -79.6172 10.3744 -79.6172 15.9881 -69.175 15.9881 -69.175 15.9881 -69.175 15.9881 -69.175 
-8.54933 -30.3854 -8.54933 -30.3854 -8.54933 -30.3854 -8.54933 -30.3854 -8.54933 -30.3854 15.9881 -69.175 15.9881 -69.175 15.9881 -69.175 15.9881 -69.175 
71.7145 12.132 71.7145 12.132 71.7145 12.132 71.7145 12.132 71.7145 12.132 15.9881 -69.175 15.9881 -69.175 15.9881 -69.175 15.9881 -69.175 
-0.408648 -88.1488 -0.408648 -88.1488 -0.408648 -88.1488 -0.408648 -88.1488 -0.408648 -88.1488 15.9881 -69.175 15.9881 -69.175 15.9881 -69.175 15.9881 -69.175 
51.5467 28.4554 51.5467 28.4554 51.5467 28.4554 51.5467 28.4554 51.5467 28.4554 51.5467 28.4554 51.5467 28.4554 51.5467 28.4554 51.5467 28.4554 
73.1144 31.5281 73.1144 31.5281 73.1144 31.5281 73.1144 31.5281 73.1144 31.5281 51.5467 28.4554 51.5467 28.4554 51.5467 28.4554 51.5467 28.4554 
3.58016 -24.0959 3.58016 -24.0959 3.58016 -24.0959 3.58016 -24.0959 3.58016 -24.0959 51.5467 28.4554 51.5467 28.4554 51.5467 28.4554 51.5467 28.4554 
-12.106 -28.1077 -12.106 -28.1077 -12.106 -28.1077 -12.106 -28.1077 -12.106 -28.1077 51.5467 28.4554 51.5467 28.4554 51.5467 28.4554 51.5467 28.4554 
18.2699 15.2576 18.2699 15.2576 18.2699 15.2576 18.2699 15.2576 18.2699 15.2576 51.5467 28.4554 51.5467 28.4554 51.5467 28.4554 51.5467 28.4554 
-7.56983 -20.9042 -7.56983 -20.9042 -7.56983 -20.9042 -7.56983 -20.9042 -7.56983 -20.9042 51.5467 28.4554 51.5467 28.4554 51.5467 28.4554 51.5467 28.4554 
13.6413 -75.8921 13.6413 -75.8921 13.6413 -75.8921 13.6413 -75.8921 13.6413 -75.8921 51.5467 28.4554 51.5467 28.4554 51.5467 28.4554 51.5467 28.4554 
24.622 12.5731 24.622 12.5731 24.622 12.5731 24.622 12.5731 24.622 12.5731 51.5467 28.4554 51.5467 28.4554 51.5467 28.4554 51.5467 28.4554 
12.4196 9.82861 12.4196 9.82861 12.4196 9.82861 12.4196 9.82861 12.4196 9.82861 51.5467 28.4554 51.5467 28.4554 51.5467 28.4554 51.5467 28.4554 
-12.0964 -13.6388 -12.0964 -13.6388 -12.0964 -13.6388 -12.0964 -13.6388 -12.0964 -13.6388 51.5467 28.4554 51.5467 28.4554 51.5467 28.4554 51.5467 28.4554 
1.16342 -8.64363 1.16342 -8.64363 1.16342 -8.64363 1.16342 -8.64363 1.16342 -8.64363 51.5467 28.4554 51.5467 28.4554 51.5467 28.4554 51.5467 28.4554 
19.2761 -55.4233 19.2761 -55.4233 19.2761 -55.4233 19.2761 -55.4233 19.2761 -55.4233 51.5467 28.4554 51.5467 28.4554 51.5467 28.4554 51.5467 28.4554 
40.9466 31.1797 40.9466 31.1797 40.9466 31.1797 40.9466 31.1797 40.9466 31.1797 51.5467 28.4554 51.5467 28.4554 51.5467 28.4554 51.5467 28.4554 
27.4615 -22.5321 27.4615 -22.5321 27.4615 -22.5321 27.4615 -22.5321 27.4615 -22.5321 51.5467 28.4554 51.5467 28.4554 51.5467 28.4554 51.5467 28.4554 
20.129 6.77351 20.129 6.77351 20.129 6.77351 20.129 6.77351 20.129 6.77351 51.5467 28.4554 51.5467 28.4554 51.5467 28.4554 51.5467 28.4554 
-8.24013 -11.7963 -8.24013 -11.7963 -8.24013 -11.7963 -8.24013 -11.7963 -8.24013 -11.7963 51.5467 28.4554 51.5467 28.4554 51.5467 28.4554 51.5467 28.4554 
20.4799 3.63867 20.4799 3.63867 20.4799 3.63867 20.4799 3.63867 20.4799 3.63867 51.5467 28.4554 51.5467 28.4554 51.5467 28.4554 51.5467 28.4554 
4.19149 -88.0163 4.19149 -88.0163 4.19149 -88.0163 4.19149 -88.0163 4.19149 -88.0163 51.5467 28.4554 51.5467 28.4554 51.5467 28.4554 51.5467 28.4554 
25.421 -2.20333 25.421 -2.20333 25.421 -2.20333 25.421 -2.20333 25.421 -2.20333 51.5467 28.4554 51.5467 28.4554 51.5467 28.4554 51.5467 28.4554 
21.8399 -7.79255 21.8399 -7.79255 21.8399 -7.79255 21.8399 -7.79255 21.8399 -7.79255 51.5467 28.4554 51.5467 28.4554 51.5467 28.4554 51.5467 28.4554 
24.2575 -16.7548 24.2575 -16.7548 24.2575 -16.7548 24.2575 -16.7548 24.2575 -16.7548 51.5467 28.4554 51.5467 28.4554 51.5467 28.4554 51.5467 28.4554 
-8.86382 -13.7795 -8.86382 -13.7795 -8.86382 -13.7795 -8.86382 -13.7795 -8.86382 -13.7795 51.5467 28.4554 51.5467 28.4554 51.5467 28.4554 51.5467 28.4554 
13.9712 4.41764 13.9712 4.41764 13.9712 4.41764 13.9712 4.41764 13.9712 4.41764 51.5467 28.4554 51.5467 28.4554 51.5467 28.4554 51.5467 28.4554 
8.43888 -17.3959 8.43888 -17.3959 8.43888 -17.3959 8.43888 -17.3959 8.43888 -17.3959 51.5467 28.4554 51.5467 28.4554 51.5467 28.4554 51.5467 28.4554 
-20.4584 -148.148 -20.4584 -148.148 -20.4584 -148.148 -20.4584 -148.148 -20.4584 -148.148 51.5467 28.4554 51.5467 28.4554 51.5467 28.4554 51.5467 28.4554 
1.21913 -24.7691 1.21913 -24.7691 1.21913 -24.7691 1.21913 -24.7691 1.21913 -24.7691 51.5467 28.4554 51.5467 28.4554 51.5467 28.4554 51.5467 28.4554 
69.1685 -2.32698 69.1685 -2.32698 69.1685 -2.32698 69.1685 -2.32698 69.1685 -2.32698 51.5467 28.4554 51.5467 28.4554 51.5467 28.4554 51.5467 28.4554 
7.63743 0.85682 7.63743 0.85682 7.63743 0.85682 7.63743 0.85682 7.63743 0.85682 51.5467 28.4554 51.5467 28.4554 51.5467 28.4554 51.5467 28.4554 
13.4916 8.38965 13.4916 8.38965 13.4916 8.38965 13.4916 8.38965 13.4916 8.38965 51.5467 28.4554 51.5467 28.4554 51.5467 28.4554 51.5467 28.4554 
37.9111 12.03 37.9111 12.03 37.9111 12.03 37.9111 12.03 37.9111 12.03 51.5467 28.4554 51.5467 28.4554 51.5467 28.4554 51.5467 28.4554 
21.7065 -32.3272 21.7065 -32.3272 21.7065 -32.3272 21.7065 -32.3272 21.7065 -32.3272 51.5467 28.4554 51.5467 28.4554 51.5467 28.4554 51.5467 28.4554 
37.5451 -52.8167 37.5451 -52.8167 37.5451 -52.8167 37.5451 -52.8167 37.5451 -52.8167 51.5467 28.4554 51.5467 28.4554 51.5467 28.4554 51.5467 28.4554 
9.65536 -49.8779 9.65536 -49.8779 9.65536 -49.8779 9.65536 -49.8779 9.65536 -49.8779 51.5467 28.4554 51.5467 28.4554 51.5467 28.4554 51.5467 28.4554 
46.7626 26.1927 46.7626 26.1927 46.7626 26.1927 46.7626 26.1927 46.7626 26.1927 51.5467 28.4554 51.5467 28.4554 51.5467 28.4554 51.5467 28.4554 
60.0316 18.3261 60.0316 18.3261 60.0316 18.3261 60.0316 18.3261 60.0316 18.3261 51.5467 28.4554 51.5467 28.4554 51.5467 28.4554 51.5467 28.4554 
-5.08925 -9.48003 -5.08925 -9.48003 -5.08925 -9.48003 -5.08925 -9.48003 -5.08925 -9.48003 51.5467 28.4554 51.5467 28.4554 51.5467 28.4554 51.5467 28.4554 
58.9182 4.38026 58.9182 4.38026 58.9182 4.38026 58.9182 4.38026 58.9182 4.38026 51.5467 28.4554 51.5467 28.4554 51.5467 28.4554 51.5467 28.4554 
2.74959 -2.78196 2.74959 -2.78196 2.74959 -2.78196 2.74959 -2.78196 2.74959 -2.78196 51.5467 28.4554 51.5467 28.4554 51.5467 28.4554 51.5467 28.4554 
-2.28795 -56.0127 -2.28795 -56.0127 -2.28795 -56.0127 -2.28795 -56.0127 -2.28795 -56.0127 51.5467 28.4554 51.5467 28.4554 51.5467 28.4554 51.5467 28.4554 
3.16297 -10.608 3.16297 -10.608 3.16297 -10.608 3.16297 -10.608 3.16297 -10.608 51.5467 28.4554 51.5467 28.4554 51.5467 28.4554 51.5467 28.4554 
52.2904 4.21315 52.2904 4.21315 52.2904 4.21315 52.2904 4.21315 52.2904 4.21315 51.5467 28.4554 51.5467 28.4554 51.5467 28.4554 51.5467 28.4554 
22.3928 -52.5937 22.3928 -52.5937 22.3928 -52.5937 22.3928 -52.5937 22.3928 -52.5937 51.5467 28.4554 51.5467 28.4554 51.5467 28.4554 51.5467 28.4554 
-7.84761 -9.0775 -7.84761 -9.0775 -7.84761 -9.0775 -7.84761 -9.0775 -7.84761 -9.0775 51.5467 28.4554 51.5467 28.4554 51.5467 28.4554 51.5467 28.4554 
11.3485 -45.8638 11.3485 -45.8638 11.3485 -45.8638 11.3485 -45.8638 11.3485 -45.8638 51.5467 28.4554 51.5467 28.4554 51.5467 28.4554 51.5467 28.4554 
38.1273 -22.1765 38.1273 -22.1765 38.1273 -22.1765 38.1273 -22.1765 38.1273 -22.1765 51.5467 28.4554 51.5467 28.4554 51.5467 28.4554 51.5467 28.4554 
17.0175 -33.6784 17.0175 -33.6784 17.0175 -33.6784 17.0175 -33.6784 17.0175 -33.6784 51.5467 28.4554 51.5467 28.4554 51.5467 28.4554 51.5467 28.4554 
2.32494 -39.5564 2.32494 -39.5564 2.32494 -39.5564 2.32494 -39.5564 2.32494 -39.5564 51.5467 28.4554 51.5467 28.4554 51.5467 28.4554 51.5467 28.4554 
9.61487 1.523 9.61487 1.523 9.61487 1.523 9.61487 1.523 9.61487 1.523 51.5467 28.4554 51.5467 28.4554 51.5467 28.4554 51.5467 28.4554 
36.9893 2.31905 36.9893 2.31905 36.9893 2.31905 36.9893 2.31905 36.9893 2.31905 51.5467 28.4554 51.5467 28.4554 51.5467 28.4554 51.5467 28.4554 
11.1807 -11.4855 11.1807 -11.4855 11.1807 -11.4855 11.1807 -11.4855 11.1807 -11.4855 51.5467 28.4554 51.5467 28.4554 51.5467 28.4554 51.5467 28.4554 
23.97 2.19241 23.97 2.19241 23.97 2.19241 23.97 2.19241 23.97 2.19241 51.5467 28.4554 51.5467 28.4554 51.5467 28.4554 51.5467 28.4554 
11.5321 -0.37596 11.5321 -0.37596 11.5321 -0.37596 11.5321 -0.37596 11.5321 -0.37596 51.5467 28.4554 51.5467 28.4554 51.5467 28.4554 51.5467 28.4554 
2.26335 -35.493 2.26335 -35.493 2.26335 -35.493 2.26335 -35.493 2.26335 -35.493 51.5467 28.4554 51.5467 28.4554 51.5467 28.4554 51.5467 28.4554 
6.31192 -11.4226 6.31192 -11.4226 6.31192 -11.4226 6.31192 -11.4226 6.31192 -11.4226 51.5467 28.4554 51.5467 28.4554 51.5467 28.4554 51.5467 28.4554 
-0.38899 -14.437 -0.38899 -14.437 -0.38899 -14.437 -0.38899 -14.437 -0.38899 -14.437 51.5467 28.4554 51.5467 28.4554 51.5467 28.4554 51.5467 28.4554 
60.105 -16.3079 60.105 -16.3079 60.105 -16.3079 60.105 -16.3079 60.105 -16.3079 51.5467 28.4554 51.5467 28.4554 51.5467 28.4554 51.5467 28.4554 
18.5166 3.94229 18.5166 3.94229 18.5166 3.94229 18.5166 3.94229 18.5166 3.94229 51.5467 28.4554 51.5467 28.4554 51.5467 28.4554 51.5467 28.4554 
23.0189 -5.49497 23.0189 -5.49497 23.0189 -5.49497 23.0189 -5.49497 23.0189 -5.49497 51.5467 28.4554 51.5467 28.4554 51.5467 28.4554 51.5467 28.4554 
-6.35875 -43.8522 -6.35875 -43.8522 -6.35875 -43.8522 -6.35875 -43.8522 -6.35875 -43.8522 51.5467 28.4554 51.5467 28.4554 51.5467 28.4554 51.5467 28.4554 
-5.03483 -155.401 -5.03483 -155.401 -5.03483 -155.401 -5.03483 -155.401 -5.03483 -155.401 51.5467 28.4554 51.5467 28.4554 51.5467 28.4554 51.5467 28.4554 
0.900557 -13.1185 0.900557 -13.1185 0.900557 -13.1185 0.900557 -13.1185 0.900557 -13.1185 51.5467 28.4554 51.5467 28.4554 51.5467 28.4554 51.5467 28.4554 
2.54561 -3.46064 2.54561 -3.46064 2.54561 -3.46064 2.54561 -3.46064 2.54561 -3.46064 51.5467 28.4554 51.5467 28.4554 51.5467 28.4554 51.5467 28.4554 
-0.600778 -2.38108 -0.600778 -2.38108 -0.600778 -2.38108 -0.600778 -2.38108 -0.600778 -2.38108 51.5467 28.4554 51.5467 28.4554 51.5467 28.4554 51.5467 28.4554 
21.5873 -16.6675 21.5873 -16.6675 21.5873 -16.6675 21.5873 -16.6675 21.5873 -16.6675 51.5467 28.4554 51.5467 28.4554 51.5467 28.4554 51.5467 28.4554 
3.24138 -9.30442 3.24138 -9.30442 3.24138 -9.30442 3.24138 -9.30442 3.24138 -9.30442 51.5467 28.4554 51.5467 28.4554 51.5467 28.4554 51.5467 28.4554 
16.1568 -20.7777 16.1568 -20.7777 16.1568 -20.7777 16.1568 -20.7777 16.1568 -20.7777 51.5467 28.4554 51.5467 28.4554 51.5467 28.4554 51.5467 28.4554 
-0.513315 -22.8455 -0.513315 -22.8455 -0.513315 -22.8455 -0.513315 -22.8455 -0.513315 -22.8455 51.5467 28.4554 51.5467 28.4554 51.5467 28.4554 51.5467 28.4554 
-19.3856 -33.6408 -19.3856 -33.6408 -19.3856 -33.6408 -19.3856 -33.6408 -19.3856 -33.6408 51.5467 28.4554 51.5467 28.4554 51.5467 28.4554 51.5467 28.4554 
33.3793 1.73462 33.3793 1.73462 33.3793 1.73462 33.3793 1.73462 33.3793 1.73462 51.5467 28.4554 51.5467 28.4554 51.5467 28.4554 51.5467 28.4554 
-1.2629 -13.2783 -1.2629 -13.2783 -1.2629 -13.2783 -1.2629 -13.2783 -1.2629 -13.2783 51.5467 28.4554 51.5467 28.4554 51.5467 28.4554 51.5467 28.4554 
1.45913 -2.14206 1.45913 -2.14206 1.45913 -2.14206 1.45913 -2.14206 1.45913 -2.14206 51.5467 28.4554 51.5467 28.4554 51.5467 28.4554 51.5467 28.4554 
27.878 -0.221876 27.878 -0.221876 27.878 -0.221876 27.878 -0.221876 27.878 -0.221876 51.5467 28.4554 51.5467 28.4554 51.5467 28.4554 51.5467 28.4554 
12.847 1.83583 12.847 1.83583 12.847 1.83583 12.847 1.83583 12.847 1.83583 51.5467 28.4554 51.5467 28.4554 51.5467 28.4554 51.5467 28.4554 
27.3229 -9.10075 27.3229 -9.10075 27.3229 -9.10075 27.3229 -9.10075 27.3229 -9.10075 51.5467 28.4554 51.5467 28.4554 51.5467 28.4554 51.5467 28.4554 
2.78045 -0.916811 2.78045 -0.916811 2.78045 -0.916811 2.78045 -0.916811 2.78045 -0.916811 51.5467 28.4554 51.5467 28.4554 51.5467 28.4554 51.5467 28.4554 
-4.05396 -18.8147 -4.05396 -18.8147 -4.05396 -18.8147 -4.05396 -18.8147 -4.05396 -18.8147 51.5467 28.4554 51.5467 28.4554 51.5467 28.4554 51.5467 28.4554 
11.3933 1.46627 11.3933 1.46627 11.3933 1.46627 11.3933 1.46627 11.3933 1.46627 51.5467 28.4554 51.5467 28.4554 51.5467 28.4554 51.5467 28.4554 
-12.0076 -25.3336 -12.0076 -25.3336 -12.0076 -25.3336 -12.0076 -25.3336 -12.0076 -25.3336 51.5467 28.4554 51.5467 28.4554 51.5467 28.4554 51.5467 28.4554 
3.46746 -27.5886 3.46746 -27.5886 3.46746 -27.5886 3.46746 -27.5886 3.46746 -27.5886 51.5467 28.4554 51.5467 28.4554 51.5467 28.4554 51.5467 28.4554 
1.65566 -2.9718 1.65566 -2.9718 1.65566 -2.9718 1.65566 -2.9718 1.65566 -2.9718 51.5467 28.4554 51.5467 28.4554 51.5467 28.4554 51.5467 28.4554 
12.5008 11.6593 12.5008 11.6593 12.5008 11.6593 12.5008 11.6593 12.5008 11.6593 51.5467 28.4554 51.5467 28.4554 51.5467 28.4554 51.5467 28.4554 
15.0069 -2.96025 15.0069 -2.96025 15.0069 -2.96025 15.0069 -2.96025 15.0069 -2.96025 51.5467 28.4554 51.5467 28.4554 51.5467 28.4554 51.5467 28.4554 
74.5148 5.56772 74.5148 5.56772 74.5148 5.56772 74.5148 5.56772 74.5148 5.56772 51.5467 28.4554 51.5467 28.4554 51.5467 28.4554 51.5467 28.4554 
4.07623 -16.6952 4.07623 -16.6952 4.07623 -16.6952 4.07623 -16.6952 4.07623 -16.6952 51.5467 28.4554 51.5467 28.4554 51.5467 28.4554 51.5467 28.4554 
17.0796 0.862504 17.0796 0.862504 17.0796 0.862504 17.0796 0.862504 17.0796 0.862504 51.5467 28.4554 51.5467 28.4554 51.5467 28.4554 51.5467 28.4554 
14.1846 -35.1264 14.1846 -35.1264 14.1846 -35.1264 14.1846 -35.1264 14.1846 -35.1264 51.5467 28.4554 51.5467 28.4554 51.5467 28.4554 51.5467 28.4554 
12.7059 -46.4252 12.7059 -46.4252 12.7059 -46.4252 12.7059 -46.4252 12.7059 -46.4252 51.5467 28.4554 51.5467 28.4554 51.5467 28.4554 51.5467 28.4554 
2.3076 0.706178 2.3076 0.706178 2.3076 0.706178 2.3076 0.706178 2.3076 0.706178 51.5467 28.4554 51.5467 28.4554 51.5467 28.4554 51.5467 28.4554 
-5.80418 -15.0025 -5.80418 -15.0025 -5.80418 -15.0025 -5.80418 -15.0025 -5.80418 -15.0025 51.5467 28.4554 51.5467 28.4554 51.5467 28.4554 51.5467 28.4554 
17.5805 -29.7843 17.5805 -29.7843 17.5805 -29.7843 17.5805 -29.7843 17.5805 -29.7843 51.5467 28.4554 51.5467 28.4554 51.5467 28.4554 51.5467 28.4554 
-10.2935 -23.8409 -10.2935 -23.8409 -10.2935 -23.8409 -10.2935 -23.8409 -10.2935 -23.8409 51.5467 28.4554 51.5467 28.4554 51.5467 28.4554 51.5467 28.4554 
0.218289 -8.4482 0.218289 -8.4482 0.218289 -8.4482 0.218289 -8.4482 0.218289 -8.4482 51.5467 28.4554 51.5467 28.4554 51.5467 28.4554 51.5467 28.4554 
98.5015 -20.0714 98.5015 -20.0714 98.5015 -20.0714 98.5015 -20.0714 98.5015 -20.0714 51.5467 28.4554 51.5467 28.4554 51.5467 28.4554 51.5467 28.4554 
38.0297 23.2126 38.0297 23.2126 38.0297 23.2126 38.0297 23.2126 38.0297 23.2126 51.5467 28.4554 51.5467 28.4554 51.5467 28.4554 51.5467 28.4554 
5.57932 -12.362 5.57932 -12.362 5.57932 -12.362 5.57932 -12.362 5.57932 -12.362 51.5467 28.4554 51.5467 28.4554 51.5467 28.4554 51.5467 28.4554 
1.72041 -5.57317 1.72041 -5.57317 1.72041 -5.57317 1.72041 -5.57317 1.72041 -5.57317 51.5467 28.4554 51.5467 28.4554 51.5467 28.4554 51.5467 28.4554 
7.09153 -8.0474 7.09153 -8.0474 7.09153 -8.0474 7.09153 -8.0474 7.09153 -8.0474 51.5467 28.4554 51.5467 28.4554 51.5467 28.4554 51.5467 28.4554 
5.97544 -8.10192 5.97544 -8.10192 5.97544 -8.10192 5.97544 -8.10192 5.97544 -8.10192 51.5467 28.4554 51.5467 28.4554 51.5467 28.4554 51.5467 28.4554 
2.37482 -20.8735 2.37482 -20.8735 2.37482 -20.8735 2.37482 -20.8735 2.37482 -20.8735 51.5467 28.4554 51.5467 28.4554 51.5467 28.4554 51.5467 28.4554 
-5.25436 -19.3933 -5.25436 -19.3933 -5.25436 -19.3933 -5.25436 -19.3933 -5.25436 -19.3933 51.5467 28.4554 51.5467 28.4554 51.5467 28.4554 51.5467 28.4554 
12.4942 -0.725943 12.4942 -0.725943 12.4942 -0.725943 12.4942 -0.725943 12.4942 -0.725943 51.5467 28.4554 51.5467 28.4554 51.5467 28.4554 51.5467 28.4554 
