12.3517 -16.3303 12.3517 -16.3303 12.3517 -16.3303 12.3517 -16.3303 12.3517 -16.3303 12.3517 -16.3303 12.3517 -16.3303 12.3517 -16.3303 12.3517 -16.3303 
10.9962 -2.33727 10.9962 -2.33727 10.9962 -2.33727 10.9962 -2.33727 10.9962 -2.33727 12.3517 -16.3303 12.3517 -16.3303 12.3517 -16.3303 12.3517 -16.3303 
12.5913 -13.5095 12.5913 -13.5095 12.5913 -13.5095 12.5913 -13.5095 12.5913 -13.5095 12.3517 -16.3303 12.3517 -16.3303 12.3517 -16.3303 12.3517 -16.3303 
0.446041 -6.65257 0.446041 -6.65257 0.446041 -6.65257 0.446041 -6.65257 0.446041 -6.65257 12.3517 -16.3303 12.3517 -16.3303 12.3517 -16.3303 12.3517 -16.3303 
-8.87855 -18.4858 -8.87855 -18.4858 -8.87855 -18.4858 -8.87855 -18.4858 -8.87855 -18.4858 12.3517 -16.3303 12.3517 -16.3303 12.3517 -16.3303 12.3517 -16.3303 
-6.64092 -9.45166 -6.64092 -9.45166 -6.64092 -9.45166 -6.64092 -9.45166 -6.64092 -9.45166 12.3517 -16.3303 12.3517 -16.3303 12.3517 -16.3303 12.3517 -16.3303 
1.18184 -11.1024 1.18184 -11.1024 1.18184 -11.1024 1.18184 -11.1024 1.18184 -11.1024 12.3517 -16.3303 12.3517 -16.3303 12.3517 -16.3303 12.3517 -16.3303 
-8.30625 -17.1796 -8.30625 -17.1796 -8.30625 -17.1796 -8.30625 -17.1796 -8.30625 -17.1796 12.3517 -16.3303 12.3517 -16.3303 12.3517 -16.3303 12.3517 -16.3303 
2.73241 -13.5774 2.73241 -13.5774 2.73241 -13.5774 2.73241 -13.5774 2.73241 -13.5774 12.3517 -16.3303 12.3517 -16.3303 12.3517 -16.3303 12.3517 -16.3303 
5.3463 -20.6434 5.3463 -20.6434 5.3463 -20.6434 5.3463 -20.6434 5.3463 -20.6434 12.3517 -16.3303 12.3517 -16.3303 12.3517 -16.3303 12.3517 -16.3303 
21.5071 -29.8294 21.5071 -29.8294 21.5071 -29.8294 21.5071 -29.8294 21.5071 -29.8294 12.3517 -16.3303 12.3517 -16.3303 12.3517 -16.3303 12.3517 -16.3303 
-7.14213 -12.8594 -7.14213 -12.8594 -7.14213 -12.8594 -7.14213 -12.8594 -7.14213 -12.8594 12.3517 -16.3303 12.3517 -16.3303 12.3517 -16.3303 12.3517 -16.3303 
57.7846 -20.3912 57.7846 -20.3912 57.7846 -20.3912 57.7846 -20.3912 57.7846 -20.3912 12.3517 -16.3303 12.3517 -16.3303 12.3517 -16.3303 12.3517 -16.3303 
18.0773 5.812 18.0773 5.812 18.0773 5.812 18.0773 5.812 18.0773 5.812 12.3517 -16.3303 12.3517 -16.3303 12.3517 -16.3303 12.3517 -16.3303 
-8.67348 -52.701 -8.67348 -52.701 -8.67348 -52.701 -8.67348 -52.701 -8.67348 -52.701 12.3517 -16.3303 12.3517 -16.3303 12.3517 -16.3303 12.3517 -16.3303 
19.0001 -46.5869 19.0001 -46.5869 19.0001 -46.5869 19.0001 -46.5869 19.0001 -46.5869 12.3517 -16.3303 12.3517 -16.3303 12.3517 -16.3303 12.3517 -16.3303 
31.2788 -6.9645 31.2788 -6.9645 31.2788 -6.9645 31.2788 -6.9645 31.2788 -6.9645 12.3517 -16.3303 12.3517 -16.3303 12.3517 -16.3303 12.3517 -16.3303 
2.48589 -42.8709 2.48589 -42.8709 2.48589 -42.8709 2.48589 -42.8709 2.48589 -42.8709 12.3517 -16.3303 12.3517 -16.3303 12.3517 -16.3303 12.3517 -16.3303 
34.4577 7.44938 34.4577 7.44938 34.4577 7.44938 34.4577 7.44938 34.4577 7.44938 34.4577 7.44938 34.4577 7.44938 34.4577 7.44938 34.4577 7.44938 
2.23799 -12.1868 2.23799 -12.1868 2.23799 -12.1868 2.23799 -12.1868 2.23799 -12.1868 34.4577 7.44938 34.4577 7.44938 34.4577 7.44938 34.4577 7.44938 
-3.36629 -24.1017 -3.36629 -24.1017 -3.36629 -24.1017 -3.36629 -24.1017 -3.36629 -24.1017 34.4577 7.44938 34.4577 7.44938 34.4577 7.44938 34.4577 7.44938 
-3.9375 -12.3368 -3.9375 -12.3368 -3.9375 -12.3368 -3.9375 -12.3368 -3.9375 -12.3368 34.4577 7.44938 34.4577 7.44938 34.4577 7.44938 34.4577 7.44938 
-0.27509 -15.285 -0.27509 -15.285 -0.27509 -15.285 -0.27509 -15.285 -0.27509 -15.285 34.4577 7.44938 34.4577 7.44938 34.4577 7.44938 34.4577 7.44938 
12.9826 6.45925 12.9826 6.45925 12.9826 6.45925 12.9826 6.45925 12.9826 6.45925 34.4577 7.44938 34.4577 7.44938 34.4577 7.44938 34.4577 7.44938 
-2.76817 -12.3012 -2.76817 -12.3012 -2.76817 -12.3012 -2.76817 -12.3012 -2.76817 -12.3012 34.4577 7.44938 34.4577 7.44938 34.4577 7.44938 34.4577 7.44938 
-1.40695 -5.79975 -1.40695 -5.79975 -1.40695 -5.79975 -1.40695 -5.79975 -1.40695 -5.79975 34.4577 7.44938 34.4577 7.44938 34.4577 7.44938 34.4577 7.44938 
15.164 7.58448 15.164 7.58448 15.164 7.58448 15.164 7.58448 15.164 7.58448 34.4577 7.44938 34.4577 7.44938 34.4577 7.44938 34.4577 7.44938 
-1.16833 -16.3633 -1.16833 -16.3633 -1.16833 -16.3633 -1.16833 -16.3633 -1.16833 -16.3633 34.4577 7.44938 34.4577 7.44938 34.4577 7.44938 34.4577 7.44938 
8.57219 -19.6776 8.57219 -19.6776 8.57219 -19.6776 8.57219 -19.6776 8.57219 -19.6776 34.4577 7.44938 34.4577 7.44938 34.4577 7.44938 34.4577 7.44938 
13.6861 4.77543 13.6861 4.77543 13.6861 4.77543 13.6861 4.77543 13.6861 4.77543 34.4577 7.44938 34.4577 7.44938 34.4577 7.44938 34.4577 7.44938 
4.38175 -14.4927 4.38175 -14.4927 4.38175 -14.4927 4.38175 -14.4927 4.38175 -14.4927 34.4577 7.44938 34.4577 7.44938 34.4577 7.44938 34.4577 7.44938 
-3.49847 -9.88127 -3.49847 -9.88127 -3.49847 -9.88127 -3.49847 -9.88127 -3.49847 -9.88127 34.4577 7.44938 34.4577 7.44938 34.4577 7.44938 34.4577 7.44938 
69.0839 -26.3439 69.0839 -26.3439 69.0839 -26.3439 69.0839 -26.3439 69.0839 -26.3439 34.4577 7.44938 34.4577 7.44938 34.4577 7.44938 34.4577 7.44938 
4.8469 -11.1955 4.8469 -11.1955 4.8469 -11.1955 4.8469 -11.1955 4.8469 -11.1955 34.4577 7.44938 34.4577 7.44938 34.4577 7.44938 34.4577 7.44938 
0.0752612 -5.98626 0.0752612 -5.98626 0.0752612 -5.98626 0.0752612 -5.98626 0.0752612 -5.98626 34.4577 7.44938 34.4577 7.44938 34.4577 7.44938 34.4577 7.44938 
-0.466833 -2.93935 -0.466833 -2.93935 -0.466833 -2.93935 -0.466833 -2.93935 -0.466833 -2.93935 34.4577 7.44938 34.4577 7.44938 34.4577 7.44938 34.4577 7.44938 
2.32603 -2.22434 2.32603 -2.22434 2.32603 -2.22434 2.32603 -2.22434 2.32603 -2.22434 34.4577 7.44938 34.4577 7.44938 34.4577 7.44938 34.4577 7.44938 
-0.538171 -6.53916 -0.538171 -6.53916 -0.538171 -6.53916 -0.538171 -6.53916 -0.538171 -6.53916 34.4577 7.44938 34.4577 7.44938 34.4577 7.44938 34.4577 7.44938 
-4.91967 -31.1285 -4.91967 -31.1285 -4.91967 -31.1285 -4.91967 -31.1285 -4.91967 -31.1285 34.4577 7.44938 34.4577 7.44938 34.4577 7.44938 34.4577 7.44938 
-0.702789 -27.1537 -0.702789 -27.1537 -0.702789 -27.1537 -0.702789 -27.1537 -0.702789 -27.1537 34.4577 7.44938 34.4577 7.44938 34.4577 7.44938 34.4577 7.44938 
15.7173 -4.61585 15.7173 -4.61585 15.7173 -4.61585 15.7173 -4.61585 15.7173 -4.61585 34.4577 7.44938 34.4577 7.44938 34.4577 7.44938 34.4577 7.44938 
5.54303 -4.32829 5.54303 -4.32829 5.54303 -4.32829 5.54303 -4.32829 5.54303 -4.32829 34.4577 7.44938 34.4577 7.44938 34.4577 7.44938 34.4577 7.44938 
-0.547472 -9.52237 -0.547472 -9.52237 -0.547472 -9.52237 -0.547472 -9.52237 -0.547472 -9.52237 34.4577 7.44938 34.4577 7.44938 34.4577 7.44938 34.4577 7.44938 
10.1744 2.55842 10.1744 2.55842 10.1744 2.55842 10.1744 2.55842 10.1744 2.55842 34.4577 7.44938 34.4577 7.44938 34.4577 7.44938 34.4577 7.44938 
8.31388 -7.42957 8.31388 -7.42957 8.31388 -7.42957 8.31388 -7.42957 8.31388 -7.42957 34.4577 7.44938 34.4577 7.44938 34.4577 7.44938 34.4577 7.44938 
-1.62369 -4.30604 -1.62369 -4.30604 -1.62369 -4.30604 -1.62369 -4.30604 -1.62369 -4.30604 34.4577 7.44938 34.4577 7.44938 34.4577 7.44938 34.4577 7.44938 
-2.33244 -17.1378 -2.33244 -17.1378 -2.33244 -17.1378 -2.33244 -17.1378 -2.33244 -17.1378 34.4577 7.44938 34.4577 7.44938 34.4577 7.44938 34.4577 7.44938 
9.53631 -14.6693 9.53631 -14.6693 9.53631 -14.6693 9.53631 -14.6693 9.53631 -14.6693 34.4577 7.44938 34.4577 7.44938 34.4577 7.44938 34.4577 7.44938 
7.95616 -11.3172 7.95616 -11.3172 7.95616 -11.3172 7.95616 -11.3172 7.95616 -11.3172 34.4577 7.44938 34.4577 7.44938 34.4577 7.44938 34.4577 7.44938 
13.3811 -11.5026 13.3811 -11.5026 13.3811 -11.5026 13.3811 -11.5026 13.3811 -11.5026 34.4577 7.44938 34.4577 7.44938 34.4577 7.44938 34.4577 7.44938 
14.2999 -26.4522 14.2999 -26.4522 14.2999 -26.4522 14.2999 -26.4522 14.2999 -26.4522 34.4577 7.44938 34.4577 7.44938 34.4577 7.44938 34.4577 7.44938 
0.925285 -8.65147 0.925285 -8.65147 0.925285 -8.65147 0.925285 -8.65147 0.925285 -8.65147 34.4577 7.44938 34.4577 7.44938 34.4577 7.44938 34.4577 7.44938 
11.8018 -20.093 11.8018 -20.093 11.8018 -20.093 11.8018 -20.093 11.8018 -20.093 34.4577 7.44938 34.4577 7.44938 34.4577 7.44938 34.4577 7.44938 
-4.29164 -23.9125 -4.29164 -23.9125 -4.29164 -23.9125 -4.29164 -23.9125 -4.29164 -23.9125 34.4577 7.44938 34.4577 7.44938 34.4577 7.44938 34.4577 7.44938 
1.21291 -25.3716 1.21291 -25.3716 1.21291 -25.3716 1.21291 -25.3716 1.21291 -25.3716 34.4577 7.44938 34.4577 7.44938 34.4577 7.44938 34.4577 7.44938 
7.97626 -3.45408 7.97626 -3.45408 7.97626 -3.45408 7.97626 -3.45408 7.97626 -3.45408 34.4577 7.44938 34.4577 7.44938 34.4577 7.44938 34.4577 7.44938 
4.562 -2.25952 4.562 -2.25952 4.562 -2.25952 4.562 -2.25952 4.562 -2.25952 34.4577 7.44938 34.4577 7.44938 34.4577 7.44938 34.4577 7.44938 
7.05414 -11.8927 7.05414 -11.8927 7.05414 -11.8927 7.05414 -11.8927 7.05414 -11.8927 34.4577 7.44938 34.4577 7.44938 34.4577 7.44938 34.4577 7.44938 
-1.04677 -44.1835 -1.04677 -44.1835 -1.04677 -44.1835 -1.04677 -44.1835 -1.04677 -44.1835 34.4577 7.44938 34.4577 7.44938 34.4577 7.44938 34.4577 7.44938 
40.5084 -9.7809 40.5084 -9.7809 40.5084 -9.7809 40.5084 -9.7809 40.5084 -9.7809 34.4577 7.44938 34.4577 7.44938 34.4577 7.44938 34.4577 7.44938 
28.7123 4.54277 28.7123 4.54277 28.7123 4.54277 28.7123 4.54277 28.7123 4.54277 34.4577 7.44938 34.4577 7.44938 34.4577 7.44938 34.4577 7.44938 
-7.82063 -13.9228 -7.82063 -13.9228 -7.82063 -13.9228 -7.82063 -13.9228 -7.82063 -13.9228 34.4577 7.44938 34.4577 7.44938 34.4577 7.44938 34.4577 7.44938 
9.04403 1.86692 9.04403 1.86692 9.04403 1.86692 9.04403 1.86692 9.04403 1.86692 34.4577 7.44938 34.4577 7.44938 34.4577 7.44938 34.4577 7.44938 
5.53232 -15.2734 5.53232 -15.2734 5.53232 -15.2734 5.53232 -15.2734 5.53232 -15.2734 34.4577 7.44938 34.4577 7.44938 34.4577 7.44938 34.4577 7.44938 
107.141 16.2243 107.141 16.2243 107.141 16.2243 107.141 16.2243 107.141 16.2243 34.4577 7.44938 34.4577 7.44938 34.4577 7.44938 34.4577 7.44938 
23.5567 -33.4029 23.5567 -33.4029 23.5567 -33.4029 23.5567 -33.4029 23.5567 -33.4029 34.4577 7.44938 34.4577 7.44938 34.4577 7.44938 34.4577 7.44938 
64.9171 -9.39459 64.9171 -9.39459 64.9171 -9.39459 64.9171 -9.39459 64.9171 -9.39459 34.4577 7.44938 34.4577 7.44938 34.4577 7.44938 34.4577 7.44938 
-19.5125 -43.5984 -19.5125 -43.5984 -19.5125 -43.5984 -19.5125 -43.5984 -19.5125 -43.5984 -19.5125 -43.5984 -19.5125 -43.5984 -19.5125 -43.5984 -19.5125 -43.5984 
-10.2672 -11.7716 -10.2672 -11.7716 -10.2672 -11.7716 -10.2672 -11.7716 -10.2672 -11.7716 -19.5125 -43.5984 -19.5125 -43.5984 -19.5125 -43.5984 -19.5125 -43.5984 
25.5399 0.95798 25.5399 0.95798 25.5399 0.95798 25.5399 0.95798 25.5399 0.95798 -19.5125 -43.5984 -19.5125 -43.5984 -19.5125 -43.5984 -19.5125 -43.5984 
5.04127 -67.223 5.04127 -67.223 5.04127 -67.223 5.04127 -67.223 5.04127 -67.223 -19.5125 -43.5984 -19.5125 -43.5984 -19.5125 -43.5984 -19.5125 -43.5984 
21.2772 -63.6159 21.2772 -63.6159 21.2772 -63.6159 21.2772 -63.6159 21.2772 -63.6159 -19.5125 -43.5984 -19.5125 -43.5984 -19.5125 -43.5984 -19.5125 -43.5984 
64.2781 3.68643 64.2781 3.68643 64.2781 3.68643 64.2781 3.68643 64.2781 3.68643 -19.5125 -43.5984 -19.5125 -43.5984 -19.5125 -43.5984 -19.5125 -43.5984 
3.3682 -0.331505 3.3682 -0.331505 3.3682 -0.331505 3.3682 -0.331505 3.3682 -0.331505 -19.5125 -43.5984 -19.5125 -43.5984 -19.5125 -43.5984 -19.5125 -43.5984 
-6.03339 -41.7757 -6.03339 -41.7757 -6.03339 -41.7757 -6.03339 -41.7757 -6.03339 -41.7757 -19.5125 -43.5984 -19.5125 -43.5984 -19.5125 -43.5984 -19.5125 -43.5984 
62.9101 0.449371 62.9101 0.449371 62.9101 0.449371 62.9101 0.449371 62.9101 0.449371 -19.5125 -43.5984 -19.5125 -43.5984 -19.5125 -43.5984 -19.5125 -43.5984 
-14.4874 -67.0225 -14.4874 -67.0225 -14.4874 -67.0225 -14.4874 -67.0225 -14.4874 -67.0225 -19.5125 -43.5984 -19.5125 -43.5984 -19.5125 -43.5984 -19.5125 -43.5984 
-1.98603 -52.8416 -1.98603 -52.8416 -1.98603 -52.8416 -1.98603 -52.8416 -1.98603 -52.8416 -19.5125 -43.5984 -19.5125 -43.5984 -19.5125 -43.5984 -19.5125 -43.5984 
-0.526226 -13.6114 -0.526226 -13.6114 -0.526226 -13.6114 -0.526226 -13.6114 -0.526226 -13.6114 -19.5125 -43.5984 -19.5125 -43.5984 -19.5125 -43.5984 -19.5125 -43.5984 
5.28764 -2.56406 5.28764 -2.56406 5.28764 -2.56406 5.28764 -2.56406 5.28764 -2.56406 -19.5125 -43.5984 -19.5125 -43.5984 -19.5125 -43.5984 -19.5125 -43.5984 
7.19989 -2.32548 7.19989 -2.32548 7.19989 -2.32548 7.19989 -2.32548 7.19989 -2.32548 -19.5125 -43.5984 -19.5125 -43.5984 -19.5125 -43.5984 -19.5125 -43.5984 
63.6536 -1.74217 63.6536 -1.74217 63.6536 -1.74217 63.6536 -1.74217 63.6536 -1.74217 -19.5125 -43.5984 -19.5125 -43.5984 -19.5125 -43.5984 -19.5125 -43.5984 
90.1111 -2.67148 90.1111 -2.67148 90.1111 -2.67148 90.1111 -2.67148 90.1111 -2.67148 -19.5125 -43.5984 -19.5125 -43.5984 -19.5125 -43.5984 -19.5125 -43.5984 
0.543571 -5.73947 0.543571 -5.73947 0.543571 -5.73947 0.543571 -5.73947 0.543571 -5.73947 -19.5125 -43.5984 -19.5125 -43.5984 -19.5125 -43.5984 -19.5125 -43.5984 
-1.86816 -6.47412 -1.86816 -6.47412 -1.86816 -6.47412 -1.86816 -6.47412 -1.86816 -6.47412 -19.5125 -43.5984 -19.5125 -43.5984 -19.5125 -43.5984 -19.5125 -43.5984 
-3.90075 -32.472 -3.90075 -32.472 -3.90075 -32.472 -3.90075 -32.472 -3.90075 -32.472 -19.5125 -43.5984 -19.5125 -43.5984 -19.5125 -43.5984 -19.5125 -43.5984 
4.76948 -72.7733 4.76948 -72.7733 4.76948 -72.7733 4.76948 -72.7733 4.76948 -72.7733 -19.5125 -43.5984 -19.5125 -43.5984 -19.5125 -43.5984 -19.5125 -43.5984 
8.30689 -2.55935 8.30689 -2.55935 8.30689 -2.55935 8.30689 -2.55935 8.30689 -2.55935 -19.5125 -43.5984 -19.5125 -43.5984 -19.5125 -43.5984 -19.5125 -43.5984 
39.9224 -15.8032 39.9224 -15.8032 39.9224 -15.8032 39.9224 -15.8032 39.9224 -15.8032 -19.5125 -43.5984 -19.5125 -43.5984 -19.5125 -43.5984 -19.5125 -43.5984 
4.64488 -14.133 4.64488 -14.133 4.64488 -14.133 4.64488 -14.133 4.64488 -14.133 -19.5125 -43.5984 -19.5125 -43.5984 -19.5125 -43.5984 -19.5125 -43.5984 
19.9524 5.52219 19.9524 5.52219 19.9524 5.52219 19.9524 5.52219 19.9524 5.52219 -19.5125 -43.5984 -19.5125 -43.5984 -19.5125 -43.5984 -19.5125 -43.5984 
-0.960974 -76.1261 -0.960974 -76.1261 -0.960974 -76.1261 -0.960974 -76.1261 -0.960974 -76.1261 -19.5125 -43.5984 -19.5125 -43.5984 -19.5125 -43.5984 -19.5125 -43.5984 
0.854663 -33.7422 0.854663 -33.7422 0.854663 -33.7422 0.854663 -33.7422 0.854663 -33.7422 -19.5125 -43.5984 -19.5125 -43.5984 -19.5125 -43.5984 -19.5125 -43.5984 
26.1502 -11.1082 26.1502 -11.1082 26.1502 -11.1082 26.1502 -11.1082 26.1502 -11.1082 -19.5125 -43.5984 -19.5125 -43.5984 -19.5125 -43.5984 -19.5125 -43.5984 
1.73868 -10.7797 1.73868 -10.7797 1.73868 -10.7797 1.73868 -10.7797 1.73868 -10.7797 -19.5125 -43.5984 -19.5125 -43.5984 -19.5125 -43.5984 -19.5125 -43.5984 
36.0607 -0.486217 36.0607 -0.486217 36.0607 -0.486217 36.0607 -0.486217 36.0607 -0.486217 -19.5125 -43.5984 -19.5125 -43.5984 -19.5125 -43.5984 -19.5125 -43.5984 
3.25844 -1.40934 3.25844 -1.40934 3.25844 -1.40934 3.25844 -1.40934 3.25844 -1.40934 -19.5125 -43.5984 -19.5125 -43.5984 -19.5125 -43.5984 -19.5125 -43.5984 
-28.3457 -162.643 -28.3457 -162.643 -28.3457 -162.643 -28.3457 -162.643 -28.3457 -162.643 -19.5125 -43.5984 -19.5125 -43.5984 -19.5125 -43.5984 -19.5125 -43.5984 
-0.814857 -6.94516 -0.814857 -6.94516 -0.814857 -6.94516 -0.814857 -6.94516 -0.814857 -6.94516 -19.5125 -43.5984 -19.5125 -43.5984 -19.5125 -43.5984 -19.5125 -43.5984 
5.86422 -36.0527 5.86422 -36.0527 5.86422 -36.0527 5.86422 -36.0527 5.86422 -36.0527 -19.5125 -43.5984 -19.5125 -43.5984 -19.5125 -43.5984 -19.5125 -43.5984 
22.9906 -37.2403 22.9906 -37.2403 22.9906 -37.2403 22.9906 -37.2403 22.9906 -37.2403 -19.5125 -43.5984 -19.5125 -43.5984 -19.5125 -43.5984 -19.5125 -43.5984 
1.44634 0.740369 1.44634 0.740369 1.44634 0.740369 1.44634 0.740369 1.44634 0.740369 -19.5125 -43.5984 -19.5125 -43.5984 -19.5125 -43.5984 -19.5125 -43.5984 
48.7514 -4.804 48.7514 -4.804 48.7514 -4.804 48.7514 -4.804 48.7514 -4.804 -19.5125 -43.5984 -19.5125 -43.5984 -19.5125 -43.5984 -19.5125 -43.5984 
-0.682903 -73.045 -0.682903 -73.045 -0.682903 -73.045 -0.682903 -73.045 -0.682903 -73.045 -19.5125 -43.5984 -19.5125 -43.5984 -19.5125 -43.5984 -19.5125 -43.5984 
11.4752 -1.94096 11.4752 -1.94096 11.4752 -1.94096 11.4752 -1.94096 11.4752 -1.94096 -19.5125 -43.5984 -19.5125 -43.5984 -19.5125 -43.5984 -19.5125 -43.5984 
16.4439 -38.1864 16.4439 -38.1864 16.4439 -38.1864 16.4439 -38.1864 16.4439 -38.1864 -19.5125 -43.5984 -19.5125 -43.5984 -19.5125 -43.5984 -19.5125 -43.5984 
11.5627 -20.688 11.5627 -20.688 11.5627 -20.688 11.5627 -20.688 11.5627 -20.688 -19.5125 -43.5984 -19.5125 -43.5984 -19.5125 -43.5984 -19.5125 -43.5984 
-2.91661 -6.09804 -2.91661 -6.09804 -2.91661 -6.09804 -2.91661 -6.09804 -2.91661 -6.09804 -19.5125 -43.5984 -19.5125 -43.5984 -19.5125 -43.5984 -19.5125 -43.5984 
20.238 -11.1704 20.238 -11.1704 20.238 -11.1704 20.238 -11.1704 20.238 -11.1704 -19.5125 -43.5984 -19.5125 -43.5984 -19.5125 -43.5984 -19.5125 -43.5984 
1.57627 -7.36524 1.57627 -7.36524 1.57627 -7.36524 1.57627 -7.36524 1.57627 -7.36524 -19.5125 -43.5984 -19.5125 -43.5984 -19.5125 -43.5984 -19.5125 -43.5984 
31.0598 -61.6699 31.0598 -61.6699 31.0598 -61.6699 31.0598 -61.6699 31.0598 -61.6699 -19.5125 -43.5984 -19.5125 -43.5984 -19.5125 -43.5984 -19.5125 -43.5984 
-10.3252 -14.2187 -10.3252 -14.2187 -10.3252 -14.2187 -10.3252 -14.2187 -10.3252 -14.2187 -19.5125 -43.5984 -19.5125 -43.5984 -19.5125 -43.5984 -19.5125 -43.5984 
-1.90302 -56.4589 -1.90302 -56.4589 -1.90302 -56.4589 -1.90302 -56.4589 -1.90302 -56.4589 -19.5125 -43.5984 -19.5125 -43.5984 -19.5125 -43.5984 -19.5125 -43.5984 
-3.14796 -45.5932 -3.14796 -45.5932 -3.14796 -45.5932 -3.14796 -45.5932 -3.14796 -45.5932 -19.5125 -43.5984 -19.5125 -43.5984 -19.5125 -43.5984 -19.5125 -43.5984 
5.07457 -4.29966 5.07457 -4.29966 5.07457 -4.29966 5.07457 -4.29966 5.07457 -4.29966 -19.5125 -43.5984 -19.5125 -43.5984 -19.5125 -43.5984 -19.5125 -43.5984 
26.6345 11.4075 26.6345 11.4075 26.6345 11.4075 26.6345 11.4075 26.6345 11.4075 -19.5125 -43.5984 -19.5125 -43.5984 -19.5125 -43.5984 -19.5125 -43.5984 
7.10419 -0.100804 7.10419 -0.100804 7.10419 -0.100804 7.10419 -0.100804 7.10419 -0.100804 -19.5125 -43.5984 -19.5125 -43.5984 -19.5125 -43.5984 -19.5125 -43.5984 
15.5984 12.6867 15.5984 12.6867 15.5984 12.6867 15.5984 12.6867 15.5984 12.6867 -19.5125 -43.5984 -19.5125 -43.5984 -19.5125 -43.5984 -19.5125 -43.5984 
191.598 -4.00733 191.598 -4.00733 191.598 -4.00733 191.598 -4.00733 191.598 -4.00733 -19.5125 -43.5984 -19.5125 -43.5984 -19.5125 -43.5984 -19.5125 -43.5984 
1.12393 -0.685941 1.12393 -0.685941 1.12393 -0.685941 1.12393 -0.685941 1.12393 -0.685941 -19.5125 -43.5984 -19.5125 -43.5984 -19.5125 -43.5984 -19.5125 -43.5984 
1.8854 -7.40683 1.8854 -7.40683 1.8854 -7.40683 1.8854 -7.40683 1.8854 -7.40683 -19.5125 -43.5984 -19.5125 -43.5984 -19.5125 -43.5984 -19.5125 -43.5984 
-1.84093 -9.70577 -1.84093 -9.70577 -1.84093 -9.70577 -1.84093 -9.70577 -1.84093 -9.70577 -19.5125 -43.5984 -19.5125 -43.5984 -19.5125 -43.5984 -19.5125 -43.5984 
18.9391 12.6236 18.9391 12.6236 18.9391 12.6236 18.9391 12.6236 18.9391 12.6236 -19.5125 -43.5984 -19.5125 -43.5984 -19.5125 -43.5984 -19.5125 -43.5984 
64.4993 5.98419 64.4993 5.98419 64.4993 5.98419 64.4993 5.98419 64.4993 5.98419 -19.5125 -43.5984 -19.5125 -43.5984 -19.5125 -43.5984 -19.5125 -43.5984 
-1.73776 -4.69481 -1.73776 -4.69481 -1.73776 -4.69481 -1.73776 -4.69481 -1.73776 -4.69481 -19.5125 -43.5984 -19.5125 -43.5984 -19.5125 -43.5984 -19.5125 -43.5984 
13.2928 1.72167 13.2928 1.72167 13.2928 1.72167 13.2928 1.72167 13.2928 1.72167 -19.5125 -43.5984 -19.5125 -43.5984 -19.5125 -43.5984 -19.5125 -43.5984 
-5.84119 -9.39253 -5.84119 -9.39253 -5.84119 -9.39253 -5.84119 -9.39253 -5.84119 -9.39253 -19.5125 -43.5984 -19.5125 -43.5984 -19.5125 -43.5984 -19.5125 -43.5984 
11.6471 -1.61245 11.6471 -1.61245 11.6471 -1.61245 11.6471 -1.61245 11.6471 -1.61245 -19.5125 -43.5984 -19.5125 -43.5984 -19.5125 -43.5984 -19.5125 -43.5984 
44.7323 12.5303 44.7323 12.5303 44.7323 12.5303 44.7323 12.5303 44.7323 12.5303 -19.5125 -43.5984 -19.5125 -43.5984 -19.5125 -43.5984 -19.5125 -43.5984 
2.27085 -6.99908 2.27085 -6.99908 2.27085 -6.99908 2.27085 -6.99908 2.27085 -6.99908 -19.5125 -43.5984 -19.5125 -43.5984 -19.5125 -43.5984 -19.5125 -43.5984 
19.7175 -9.57576 19.7175 -9.57576 19.7175 -9.57576 19.7175 -9.57576 19.7175 -9.57576 -19.5125 -43.5984 -19.5125 -43.5984 -19.5125 -43.5984 -19.5125 -43.5984 
-2.95329 -12.8614 -2.95329 -12.8614 -2.95329 -12.8614 -2.95329 -12.8614 -2.95329 -12.8614 -19.5125 -43.5984 -19.5125 -43.5984 -19.5125 -43.5984 -19.5125 -43.5984 
9.59021 6.92549 9.59021 6.92549 9.59021 6.92549 9.59021 6.92549 9.59021 6.92549 -19.5125 -43.5984 -19.5125 -43.5984 -19.5125 -43.5984 -19.5125 -43.5984 
39.2963 -18.9374 39.2963 -18.9374 39.2963 -18.9374 39.2963 -18.9374 39.2963 -18.9374 -19.5125 -43.5984 -19.5125 -43.5984 -19.5125 -43.5984 -19.5125 -43.5984 
4.65808 -4.84442 4.65808 -4.84442 4.65808 -4.84442 4.65808 -4.84442 4.65808 -4.84442 -19.5125 -43.5984 -19.5125 -43.5984 -19.5125 -43.5984 -19.5125 -43.5984 
12.4155 -11.6223 12.4155 -11.6223 12.4155 -11.6223 12.4155 -11.6223 12.4155 -11.6223 -19.5125 -43.5984 -19.5125 -43.5984 -19.5125 -43.5984 -19.5125 -43.5984 
-11.2498 -128.65 -11.2498 -128.65 -11.2498 -128.65 -11.2498 -128.65 -11.2498 -128.65 -19.5125 -43.5984 -19.5125 -43.5984 -19.5125 -43.5984 -19.5125 -43.5984 
-1.56224 -64.2798 -1.56224 -64.2798 -1.56224 -64.2798 -1.56224 -64.2798 -1.56224 -64.2798 -19.5125 -43.5984 -19.5125 -43.5984 -19.5125 -43.5984 -19.5125 -43.5984 
12.1383 7.00429 12.1383 7.00429 12.1383 7.00429 12.1383 7.00429 12.1383 7.00429 -19.5125 -43.5984 -19.5125 -43.5984 -19.5125 -43.5984 -19.5125 -43.5984 
21.9219 -17.3657 21.9219 -17.3657 21.9219 -17.3657 21.9219 -17.3657 21.9219 -17.3657 -19.5125 -43.5984 -19.5125 -43.5984 -19.5125 -43.5984 -19.5125 -43.5984 
71.0993 -33.5618 71.0993 -33.5618 71.0993 -33.5618 71.0993 -33.5618 71.0993 -33.5618 -19.5125 -43.5984 -19.5125 -43.5984 -19.5125 -43.5984 -19.5125 -43.5984 
-0.239163 -12.8456 -0.239163 -12.8456 -0.239163 -12.8456 -0.239163 -12.8456 -0.239163 -12.8456 -19.5125 -43.5984 -19.5125 -43.5984 -19.5125 -43.5984 -19.5125 -43.5984 
23.6053 -31.9254 23.6053 -31.9254 23.6053 -31.9254 23.6053 -31.9254 23.6053 -31.9254 -19.5125 -43.5984 -19.5125 -43.5984 -19.5125 -43.5984 -19.5125 -43.5984 
19.9235 -49.4399 19.9235 -49.4399 19.9235 -49.4399 19.9235 -49.4399 19.9235 -49.4399 -19.5125 -43.5984 -19.5125 -43.5984 -19.5125 -43.5984 -19.5125 -43.5984 
78.8008 4.89267 78.8008 4.89267 78.8008 4.89267 78.8008 4.89267 78.8008 4.89267 -19.5125 -43.5984 -19.5125 -43.5984 -19.5125 -43.5984 -19.5125 -43.5984 
19.4768 -84.5434 19.4768 -84.5434 19.4768 -84.5434 19.4768 -84.5434 19.4768 -84.5434 -19.5125 -43.5984 -19.5125 -43.5984 -19.5125 -43.5984 -19.5125 -43.5984 
41.9023 -3.56328 41.9023 -3.56328 41.9023 -3.56328 41.9023 -3.56328 41.9023 -3.56328 -19.5125 -43.5984 -19.5125 -43.5984 -19.5125 -43.5984 -19.5125 -43.5984 
95.3154 3.73722 95.3154 3.73722 95.3154 3.73722 95.3154 3.73722 95.3154 3.73722 -19.5125 -43.5984 -19.5125 -43.5984 -19.5125 -43.5984 -19.5125 -43.5984 
0.0417805 -68.5936 0.0417805 -68.5936 0.0417805 -68.5936 0.0417805 -68.5936 0.0417805 -68.5936 -19.5125 -43.5984 -19.5125 -43.5984 -19.5125 -43.5984 -19.5125 -43.5984 
83.4189 -1.51497 83.4189 -1.51497 83.4189 -1.51497 83.4189 -1.51497 83.4189 -1.51497 -19.5125 -43.5984 -19.5125 -43.5984 -19.5125 -43.5984 -19.5125 -43.5984 
3.05319 -1.02523 3.05319 -1.02523 3.05319 -1.02523 3.05319 -1.02523 3.05319 -1.02523 3.05319 -1.02523 3.05319 -1.02523 3.05319 -1.02523 3.05319 -1.02523 
2.89797 0.643579 2.89797 0.643579 2.89797 0.643579 2.89797 0.643579 2.89797 0.643579 3.05319 -1.02523 3.05319 -1.02523 3.05319 -1.02523 3.05319 -1.02523 
0.936381 -39.316 0.936381 -39.316 0.936381 -39.316 0.936381 -39.316 0.936381 -39.316 3.05319 -1.02523 3.05319 -1.02523 3.05319 -1.02523 3.05319 -1.02523 
7.78568 -2.26378 7.78568 -2.26378 7.78568 -2.26378 7.78568 -2.26378 7.78568 -2.26378 3.05319 -1.02523 3.05319 -1.02523 3.05319 -1.02523 3.05319 -1.02523 
-1.95047 -7.00652 -1.95047 -7.00652 -1.95047 -7.00652 -1.95047 -7.00652 -1.95047 -7.00652 3.05319 -1.02523 3.05319 -1.02523 3.05319 -1.02523 3.05319 -1.02523 
-0.362765 -15.4593 -0.362765 -15.4593 -0.362765 -15.4593 -0.362765 -15.4593 -0.362765 -15.4593 3.05319 -1.02523 3.05319 -1.02523 3.05319 -1.02523 3.05319 -1.02523 
1.02218 -44.327 1.02218 -44.327 1.02218 -44.327 1.02218 -44.327 1.02218 -44.327 3.05319 -1.02523 3.05319 -1.02523 3.05319 -1.02523 3.05319 -1.02523 
2.6055 1.55697 2.6055 1.55697 2.6055 1.55697 2.6055 1.55697 2.6055 1.55697 3.05319 -1.02523 3.05319 -1.02523 3.05319 -1.02523 3.05319 -1.02523 
1.01285 -18.2145 1.01285 -18.2145 1.01285 -18.2145 1.01285 -18.2145 1.01285 -18.2145 3.05319 -1.02523 3.05319 -1.02523 3.05319 -1.02523 3.05319 -1.02523 
80.1707 -0.98962 80.1707 -0.98962 80.1707 -0.98962 80.1707 -0.98962 80.1707 -0.98962 3.05319 -1.02523 3.05319 -1.02523 3.05319 -1.02523 3.05319 -1.02523 
0.891293 -19.7452 0.891293 -19.7452 0.891293 -19.7452 0.891293 -19.7452 0.891293 -19.7452 3.05319 -1.02523 3.05319 -1.02523 3.05319 -1.02523 3.05319 -1.02523 
3.77677 -11.4763 3.77677 -11.4763 3.77677 -11.4763 3.77677 -11.4763 3.77677 -11.4763 3.05319 -1.02523 3.05319 -1.02523 3.05319 -1.02523 3.05319 -1.02523 
26.1924 -2.53364 26.1924 -2.53364 26.1924 -2.53364 26.1924 -2.53364 26.1924 -2.53364 3.05319 -1.02523 3.05319 -1.02523 3.05319 -1.02523 3.05319 -1.02523 
25.8271 -4.35985 25.8271 -4.35985 25.8271 -4.35985 25.8271 -4.35985 25.8271 -4.35985 3.05319 -1.02523 3.05319 -1.02523 3.05319 -1.02523 3.05319 -1.02523 
-3.13853 -42.6713 -3.13853 -42.6713 -3.13853 -42.6713 -3.13853 -42.6713 -3.13853 -42.6713 3.05319 -1.02523 3.05319 -1.02523 3.05319 -1.02523 3.05319 -1.02523 
7.30557 0.40425 7.30557 0.40425 7.30557 0.40425 7.30557 0.40425 7.30557 0.40425 3.05319 -1.02523 3.05319 -1.02523 3.05319 -1.02523 3.05319 -1.02523 
8.37947 -0.57034 8.37947 -0.57034 8.37947 -0.57034 8.37947 -0.57034 8.37947 -0.57034 3.05319 -1.02523 3.05319 -1.02523 3.05319 -1.02523 3.05319 -1.02523 
0.276716 -3.00714 0.276716 -3.00714 0.276716 -3.00714 0.276716 -3.00714 0.276716 -3.00714 3.05319 -1.02523 3.05319 -1.02523 3.05319 -1.02523 3.05319 -1.02523 
4.00658 -17.2403 4.00658 -17.2403 4.00658 -17.2403 4.00658 -17.2403 4.00658 -17.2403 3.05319 -1.02523 3.05319 -1.02523 3.05319 -1.02523 3.05319 -1.02523 
32.0079 -39.9321 32.0079 -39.9321 32.0079 -39.9321 32.0079 -39.9321 32.0079 -39.9321 3.05319 -1.02523 3.05319 -1.02523 3.05319 -1.02523 3.05319 -1.02523 
14.0955 11.0029 14.0955 11.0029 14.0955 11.0029 14.0955 11.0029 14.0955 11.0029 3.05319 -1.02523 3.05319 -1.02523 3.05319 -1.02523 3.05319 -1.02523 
19.1293 16.8375 19.1293 16.8375 19.1293 16.8375 19.1293 16.8375 19.1293 16.8375 3.05319 -1.02523 3.05319 -1.02523 3.05319 -1.02523 3.05319 -1.02523 
14.6769 -0.361557 14.6769 -0.361557 14.6769 -0.361557 14.6769 -0.361557 14.6769 -0.361557 3.05319 -1.02523 3.05319 -1.02523 3.05319 -1.02523 3.05319 -1.02523 
22.8676 6.42038 22.8676 6.42038 22.8676 6.42038 22.8676 6.42038 22.8676 6.42038 3.05319 -1.02523 3.05319 -1.02523 3.05319 -1.02523 3.05319 -1.02523 
38.5793 3.38755 38.5793 3.38755 38.5793 3.38755 38.5793 3.38755 38.5793 3.38755 3.05319 -1.02523 3.05319 -1.02523 3.05319 -1.02523 3.05319 -1.02523 
11.0629 9.08803 11.0629 9.08803 11.0629 9.08803 11.0629 9.08803 11.0629 9.08803 3.05319 -1.02523 3.05319 -1.02523 3.05319 -1.02523 3.05319 -1.02523 
10.3471 -5.29402 10.3471 -5.29402 10.3471 -5.29402 10.3471 -5.29402 10.3471 -5.29402 3.05319 -1.02523 3.05319 -1.02523 3.05319 -1.02523 3.05319 -1.02523 
65.6557 52.9498 65.6557 52.9498 65.6557 52.9498 65.6557 52.9498 65.6557 52.9498 3.05319 -1.02523 3.05319 -1.02523 3.05319 -1.02523 3.05319 -1.02523 
-1.46539 -6.72236 -1.46539 -6.72236 -1.46539 -6.72236 -1.46539 -6.72236 -1.46539 -6.72236 3.05319 -1.02523 3.05319 -1.02523 3.05319 -1.02523 3.05319 -1.02523 
14.5526 -31.7934 14.5526 -31.7934 14.5526 -31.7934 14.5526 -31.7934 14.5526 -31.7934 3.05319 -1.02523 3.05319 -1.02523 3.05319 -1.02523 3.05319 -1.02523 
-15.2401 -18.9162 -15.2401 -18.9162 -15.2401 -18.9162 -15.2401 -18.9162 -15.2401 -18.9162 3.05319 -1.02523 3.05319 -1.02523 3.05319 -1.02523 3.05319 -1.02523 
-9.35471 -14.325 -9.35471 -14.325 -9.35471 -14.325 -9.35471 -14.325 -9.35471 -14.325 3.05319 -1.02523 3.05319 -1.02523 3.05319 -1.02523 3.05319 -1.02523 
-20.4171 -69.0769 -20.4171 -69.0769 -20.4171 -69.0769 -20.4171 -69.0769 -20.4171 -69.0769 3.05319 -1.02523 3.05319 -1.02523 3.05319 -1.02523 3.05319 -1.02523 
3.16759 -3.98758 3.16759 -3.98758 3.16759 -3.98758 3.16759 -3.98758 3.16759 -3.98758 3.05319 -1.02523 3.05319 -1.02523 3.05319 -1.02523 3.05319 -1.02523 
-12.509 -17.245 -12.509 -17.245 -12.509 -17.245 -12.509 -17.245 -12.509 -17.245 3.05319 -1.02523 3.05319 -1.02523 3.05319 -1.02523 3.05319 -1.02523 
39.8985 19.7153 39.8985 19.7153 39.8985 19.7153 39.8985 19.7153 39.8985 19.7153 3.05319 -1.02523 3.05319 -1.02523 3.05319 -1.02523 3.05319 -1.02523 
47.4887 -11.1907 47.4887 -11.1907 47.4887 -11.1907 47.4887 -11.1907 47.4887 -11.1907 3.05319 -1.02523 3.05319 -1.02523 3.05319 -1.02523 3.05319 -1.02523 
25.4382 2.26582 25.4382 2.26582 25.4382 2.26582 25.4382 2.26582 25.4382 2.26582 3.05319 -1.02523 3.05319 -1.02523 3.05319 -1.02523 3.05319 -1.02523 
16.6152 7.29159 16.6152 7.29159 16.6152 7.29159 16.6152 7.29159 16.6152 7.29159 3.05319 -1.02523 3.05319 -1.02523 3.05319 -1.02523 3.05319 -1.02523 
